Sample	0	1	2	3	4	5	6	7	8	9	10	11	12	13	14	15	16	17	18	19	20	21	22	23	24	25	26	27
PID-2861-10_S205_R1_001	(16.0, 2.0)	(17.0, 11.0)	(18.0, 21.0)	(19.0, 43.0)	(20.0, 88.0)	(21.0, 124.0)	(22.0, 167.0)	(23.0, 244.0)	(24.0, 251.0)	(25.0, 321.0)	(26.0, 450.0)	(27.0, 531.0)	(28.0, 726.0)	(29.0, 935.0)	(30.0, 1224.0)	(31.0, 1638.0)	(32.0, 2373.0)	(33.0, 3268.0)	(34.0, 4612.0)	(35.0, 6977.0)	(36.0, 11896.0)	(37.0, 20558.0)	(38.0, 55429.0)	(39.0, 566730.0)	(40.0, 134504.0)			
PID-2861-10_S205_R2_001	(13.0, 6.0)	(14.0, 60.0)	(15.0, 314.0)	(16.0, 954.0)	(17.0, 1024.0)	(18.0, 901.0)	(19.0, 800.0)	(20.0, 743.0)	(21.0, 820.0)	(22.0, 859.0)	(23.0, 891.0)	(24.0, 970.0)	(25.0, 1156.0)	(26.0, 1307.0)	(27.0, 1521.0)	(28.0, 1919.0)	(29.0, 2323.0)	(30.0, 2863.0)	(31.0, 3546.0)	(32.0, 4814.0)	(33.0, 6284.0)	(34.0, 8837.0)	(35.0, 12469.0)	(36.0, 20671.0)	(37.0, 37329.0)	(38.0, 107739.0)	(39.0, 539395.0)	(40.0, 52608.0)
PID-2861-11_S206_R1_001	(16.0, 4.0)	(17.0, 6.0)	(18.0, 22.0)	(19.0, 37.0)	(20.0, 93.0)	(21.0, 152.0)	(22.0, 220.0)	(23.0, 258.0)	(24.0, 340.0)	(25.0, 419.0)	(26.0, 526.0)	(27.0, 646.0)	(28.0, 791.0)	(29.0, 1006.0)	(30.0, 1361.0)	(31.0, 1801.0)	(32.0, 2597.0)	(33.0, 3484.0)	(34.0, 4984.0)	(35.0, 7328.0)	(36.0, 12503.0)	(37.0, 21987.0)	(38.0, 58057.0)	(39.0, 595184.0)	(40.0, 146671.0)			
PID-2861-11_S206_R2_001	(13.0, 9.0)	(14.0, 58.0)	(15.0, 314.0)	(16.0, 917.0)	(17.0, 964.0)	(18.0, 774.0)	(19.0, 746.0)	(20.0, 752.0)	(21.0, 769.0)	(22.0, 818.0)	(23.0, 875.0)	(24.0, 1026.0)	(25.0, 1150.0)	(26.0, 1372.0)	(27.0, 1576.0)	(28.0, 1967.0)	(29.0, 2266.0)	(30.0, 2870.0)	(31.0, 3547.0)	(32.0, 4798.0)	(33.0, 6392.0)	(34.0, 9120.0)	(35.0, 12516.0)	(36.0, 20606.0)	(37.0, 36479.0)	(38.0, 103827.0)	(39.0, 578638.0)	(40.0, 65331.0)
PID-2861-12_S207_R1_001	(16.0, 2.0)	(17.0, 8.0)	(18.0, 18.0)	(19.0, 46.0)	(20.0, 74.0)	(21.0, 159.0)	(22.0, 209.0)	(23.0, 239.0)	(24.0, 331.0)	(25.0, 444.0)	(26.0, 537.0)	(27.0, 678.0)	(28.0, 852.0)	(29.0, 1132.0)	(30.0, 1507.0)	(31.0, 1997.0)	(32.0, 2917.0)	(33.0, 3845.0)	(34.0, 5702.0)	(35.0, 8474.0)	(36.0, 15254.0)	(37.0, 28154.0)	(38.0, 79093.0)	(39.0, 522517.0)	(40.0, 73691.0)			
PID-2861-12_S207_R2_001	(13.0, 3.0)	(14.0, 41.0)	(15.0, 233.0)	(16.0, 720.0)	(17.0, 685.0)	(18.0, 579.0)	(19.0, 560.0)	(20.0, 524.0)	(21.0, 534.0)	(22.0, 528.0)	(23.0, 610.0)	(24.0, 671.0)	(25.0, 775.0)	(26.0, 945.0)	(27.0, 1086.0)	(28.0, 1306.0)	(29.0, 1561.0)	(30.0, 2114.0)	(31.0, 2588.0)	(32.0, 3549.0)	(33.0, 4809.0)	(34.0, 7119.0)	(35.0, 10342.0)	(36.0, 17978.0)	(37.0, 33634.0)	(38.0, 97852.0)	(39.0, 504604.0)	(40.0, 51930.0)
PID-2861-13_S208_R1_001	(16.0, 1.0)	(17.0, 22.0)	(18.0, 23.0)	(19.0, 56.0)	(20.0, 108.0)	(21.0, 157.0)	(22.0, 225.0)	(23.0, 298.0)	(24.0, 348.0)	(25.0, 457.0)	(26.0, 552.0)	(27.0, 708.0)	(28.0, 900.0)	(29.0, 1103.0)	(30.0, 1507.0)	(31.0, 1856.0)	(32.0, 2608.0)	(33.0, 3618.0)	(34.0, 5175.0)	(35.0, 7400.0)	(36.0, 12590.0)	(37.0, 22571.0)	(38.0, 59807.0)	(39.0, 633023.0)	(40.0, 161040.0)			
PID-2861-13_S208_R2_001	(13.0, 6.0)	(14.0, 69.0)	(15.0, 383.0)	(16.0, 1054.0)	(17.0, 1195.0)	(18.0, 1094.0)	(19.0, 908.0)	(20.0, 967.0)	(21.0, 960.0)	(22.0, 999.0)	(23.0, 1106.0)	(24.0, 1128.0)	(25.0, 1432.0)	(26.0, 1593.0)	(27.0, 1765.0)	(28.0, 2253.0)	(29.0, 2545.0)	(30.0, 3199.0)	(31.0, 3835.0)	(32.0, 5026.0)	(33.0, 6745.0)	(34.0, 9500.0)	(35.0, 13395.0)	(36.0, 21652.0)	(37.0, 39248.0)	(38.0, 109715.0)	(39.0, 614441.0)	(40.0, 69940.0)
PID-2861-14_S209_R1_001	(16.0, 4.0)	(17.0, 23.0)	(18.0, 36.0)	(19.0, 61.0)	(20.0, 118.0)	(21.0, 200.0)	(22.0, 263.0)	(23.0, 325.0)	(24.0, 414.0)	(25.0, 545.0)	(26.0, 649.0)	(27.0, 810.0)	(28.0, 1077.0)	(29.0, 1340.0)	(30.0, 1769.0)	(31.0, 2186.0)	(32.0, 2940.0)	(33.0, 4097.0)	(34.0, 5792.0)	(35.0, 8469.0)	(36.0, 13809.0)	(37.0, 25160.0)	(38.0, 65518.0)	(39.0, 639636.0)	(40.0, 148902.0)			
PID-2861-14_S209_R2_001	(13.0, 6.0)	(14.0, 84.0)	(15.0, 442.0)	(16.0, 1326.0)	(17.0, 1416.0)	(18.0, 1264.0)	(19.0, 1133.0)	(20.0, 1125.0)	(21.0, 1121.0)	(22.0, 1239.0)	(23.0, 1199.0)	(24.0, 1436.0)	(25.0, 1569.0)	(26.0, 1856.0)	(27.0, 2060.0)	(28.0, 2351.0)	(29.0, 2946.0)	(30.0, 3465.0)	(31.0, 4264.0)	(32.0, 5750.0)	(33.0, 7485.0)	(34.0, 10297.0)	(35.0, 14552.0)	(36.0, 23018.0)	(37.0, 41566.0)	(38.0, 114820.0)	(39.0, 610103.0)	(40.0, 66250.0)
PID-2861-15_S210_R1_001	(16.0, 3.0)	(17.0, 9.0)	(18.0, 17.0)	(19.0, 45.0)	(20.0, 74.0)	(21.0, 115.0)	(22.0, 172.0)	(23.0, 199.0)	(24.0, 260.0)	(25.0, 312.0)	(26.0, 396.0)	(27.0, 464.0)	(28.0, 645.0)	(29.0, 730.0)	(30.0, 986.0)	(31.0, 1285.0)	(32.0, 1744.0)	(33.0, 2335.0)	(34.0, 3275.0)	(35.0, 4720.0)	(36.0, 7509.0)	(37.0, 12608.0)	(38.0, 32840.0)	(39.0, 345753.0)	(40.0, 87840.0)			
PID-2861-15_S210_R2_001	(13.0, 4.0)	(14.0, 24.0)	(15.0, 171.0)	(16.0, 514.0)	(17.0, 593.0)	(18.0, 520.0)	(19.0, 459.0)	(20.0, 488.0)	(21.0, 499.0)	(22.0, 550.0)	(23.0, 535.0)	(24.0, 720.0)	(25.0, 756.0)	(26.0, 920.0)	(27.0, 994.0)	(28.0, 1215.0)	(29.0, 1491.0)	(30.0, 1921.0)	(31.0, 2199.0)	(32.0, 2987.0)	(33.0, 3871.0)	(34.0, 5447.0)	(35.0, 7619.0)	(36.0, 11856.0)	(37.0, 21147.0)	(38.0, 59425.0)	(39.0, 339296.0)	(40.0, 38115.0)
PID-2861-16_S211_R1_001	(15.0, 2.0)	(16.0, 3.0)	(17.0, 13.0)	(18.0, 16.0)	(19.0, 49.0)	(20.0, 109.0)	(21.0, 141.0)	(22.0, 192.0)	(23.0, 260.0)	(24.0, 327.0)	(25.0, 409.0)	(26.0, 556.0)	(27.0, 687.0)	(28.0, 944.0)	(29.0, 1262.0)	(30.0, 1685.0)	(31.0, 2218.0)	(32.0, 3051.0)	(33.0, 4275.0)	(34.0, 6455.0)	(35.0, 9853.0)	(36.0, 17222.0)	(37.0, 32962.0)	(38.0, 94911.0)	(39.0, 498665.0)	(40.0, 53013.0)		
PID-2861-16_S211_R2_001	(14.0, 27.0)	(15.0, 187.0)	(16.0, 694.0)	(17.0, 690.0)	(18.0, 504.0)	(19.0, 434.0)	(20.0, 438.0)	(21.0, 453.0)	(22.0, 461.0)	(23.0, 483.0)	(24.0, 530.0)	(25.0, 677.0)	(26.0, 802.0)	(27.0, 910.0)	(28.0, 1125.0)	(29.0, 1367.0)	(30.0, 1824.0)	(31.0, 2387.0)	(32.0, 3195.0)	(33.0, 4526.0)	(34.0, 6617.0)	(35.0, 9697.0)	(36.0, 16728.0)	(37.0, 31670.0)	(38.0, 93912.0)	(39.0, 495095.0)	(40.0, 53847.0)	
PID-2861-17_S212_R1_001	(16.0, 2.0)	(17.0, 6.0)	(18.0, 38.0)	(19.0, 52.0)	(20.0, 113.0)	(21.0, 190.0)	(22.0, 250.0)	(23.0, 341.0)	(24.0, 450.0)	(25.0, 571.0)	(26.0, 747.0)	(27.0, 865.0)	(28.0, 1220.0)	(29.0, 1557.0)	(30.0, 2090.0)	(31.0, 2734.0)	(32.0, 4012.0)	(33.0, 5629.0)	(34.0, 8348.0)	(35.0, 12607.0)	(36.0, 22342.0)	(37.0, 42432.0)	(38.0, 123634.0)	(39.0, 624136.0)	(40.0, 60919.0)			
PID-2861-17_S212_R2_001	(13.0, 3.0)	(14.0, 43.0)	(15.0, 256.0)	(16.0, 835.0)	(17.0, 805.0)	(18.0, 590.0)	(19.0, 491.0)	(20.0, 545.0)	(21.0, 494.0)	(22.0, 495.0)	(23.0, 558.0)	(24.0, 662.0)	(25.0, 750.0)	(26.0, 916.0)	(27.0, 1016.0)	(28.0, 1306.0)	(29.0, 1524.0)	(30.0, 1931.0)	(31.0, 2613.0)	(32.0, 3691.0)	(33.0, 4898.0)	(34.0, 7462.0)	(35.0, 10924.0)	(36.0, 18998.0)	(37.0, 37669.0)	(38.0, 114632.0)	(39.0, 631797.0)	(40.0, 69381.0)
PID-2861-18_S213_R1_001	(16.0, 3.0)	(17.0, 15.0)	(18.0, 30.0)	(19.0, 75.0)	(20.0, 112.0)	(21.0, 203.0)	(22.0, 307.0)	(23.0, 359.0)	(24.0, 549.0)	(25.0, 593.0)	(26.0, 836.0)	(27.0, 952.0)	(28.0, 1250.0)	(29.0, 1513.0)	(30.0, 1933.0)	(31.0, 2464.0)	(32.0, 3446.0)	(33.0, 4520.0)	(34.0, 6474.0)	(35.0, 9276.0)	(36.0, 15010.0)	(37.0, 26574.0)	(38.0, 65981.0)	(39.0, 672764.0)	(40.0, 168416.0)			
PID-2861-18_S213_R2_001	(13.0, 2.0)	(14.0, 27.0)	(15.0, 278.0)	(16.0, 1027.0)	(17.0, 1117.0)	(18.0, 1009.0)	(19.0, 910.0)	(20.0, 998.0)	(21.0, 1029.0)	(22.0, 1085.0)	(23.0, 1110.0)	(24.0, 1279.0)	(25.0, 1595.0)	(26.0, 1683.0)	(27.0, 2069.0)	(28.0, 2447.0)	(29.0, 2861.0)	(30.0, 3690.0)	(31.0, 4392.0)	(32.0, 5936.0)	(33.0, 7666.0)	(34.0, 11023.0)	(35.0, 15106.0)	(36.0, 23734.0)	(37.0, 42074.0)	(38.0, 117096.0)	(39.0, 654367.0)	(40.0, 78045.0)
PID-2861-19_S214_R1_001	(16.0, 2.0)	(17.0, 22.0)	(18.0, 40.0)	(19.0, 95.0)	(20.0, 172.0)	(21.0, 262.0)	(22.0, 363.0)	(23.0, 395.0)	(24.0, 569.0)	(25.0, 758.0)	(26.0, 881.0)	(27.0, 1107.0)	(28.0, 1446.0)	(29.0, 1765.0)	(30.0, 2184.0)	(31.0, 2822.0)	(32.0, 3943.0)	(33.0, 5357.0)	(34.0, 7449.0)	(35.0, 10654.0)	(36.0, 17462.0)	(37.0, 30013.0)	(38.0, 74975.0)	(39.0, 763476.0)	(40.0, 193678.0)			
PID-2861-19_S214_R2_001	(13.0, 3.0)	(14.0, 38.0)	(15.0, 347.0)	(16.0, 1147.0)	(17.0, 1460.0)	(18.0, 1185.0)	(19.0, 1080.0)	(20.0, 1236.0)	(21.0, 1214.0)	(22.0, 1341.0)	(23.0, 1286.0)	(24.0, 1611.0)	(25.0, 1835.0)	(26.0, 2144.0)	(27.0, 2387.0)	(28.0, 2999.0)	(29.0, 3478.0)	(30.0, 4425.0)	(31.0, 5272.0)	(32.0, 7046.0)	(33.0, 9095.0)	(34.0, 12343.0)	(35.0, 17130.0)	(36.0, 27341.0)	(37.0, 47593.0)	(38.0, 132190.0)	(39.0, 744569.0)	(40.0, 88095.0)
PID-2861-1_S196_R1_001	(16.0, 2.0)	(17.0, 22.0)	(18.0, 38.0)	(19.0, 70.0)	(20.0, 143.0)	(21.0, 219.0)	(22.0, 279.0)	(23.0, 374.0)	(24.0, 480.0)	(25.0, 637.0)	(26.0, 752.0)	(27.0, 1019.0)	(28.0, 1240.0)	(29.0, 1559.0)	(30.0, 1891.0)	(31.0, 2405.0)	(32.0, 3564.0)	(33.0, 4677.0)	(34.0, 6623.0)	(35.0, 9674.0)	(36.0, 16023.0)	(37.0, 28749.0)	(38.0, 72622.0)	(39.0, 680582.0)	(40.0, 154966.0)			
PID-2861-1_S196_R2_001	(13.0, 6.0)	(14.0, 65.0)	(15.0, 381.0)	(16.0, 1178.0)	(17.0, 1197.0)	(18.0, 1087.0)	(19.0, 980.0)	(20.0, 1022.0)	(21.0, 981.0)	(22.0, 1106.0)	(23.0, 1158.0)	(24.0, 1334.0)	(25.0, 1483.0)	(26.0, 1785.0)	(27.0, 2047.0)	(28.0, 2355.0)	(29.0, 2926.0)	(30.0, 3642.0)	(31.0, 4394.0)	(32.0, 5820.0)	(33.0, 7719.0)	(34.0, 10894.0)	(35.0, 15263.0)	(36.0, 24380.0)	(37.0, 43587.0)	(38.0, 121161.0)	(39.0, 657980.0)	(40.0, 72679.0)
PID-2861-20_S215_R1_001	(15.0, 1.0)	(16.0, 2.0)	(17.0, 15.0)	(18.0, 32.0)	(19.0, 72.0)	(20.0, 163.0)	(21.0, 238.0)	(22.0, 320.0)	(23.0, 374.0)	(24.0, 504.0)	(25.0, 637.0)	(26.0, 824.0)	(27.0, 986.0)	(28.0, 1364.0)	(29.0, 1580.0)	(30.0, 2165.0)	(31.0, 2661.0)	(32.0, 3736.0)	(33.0, 5096.0)	(34.0, 7219.0)	(35.0, 10567.0)	(36.0, 17491.0)	(37.0, 31872.0)	(38.0, 83487.0)	(39.0, 723384.0)	(40.0, 143652.0)		
PID-2861-20_S215_R2_001	(13.0, 9.0)	(14.0, 73.0)	(15.0, 492.0)	(16.0, 1332.0)	(17.0, 1433.0)	(18.0, 1296.0)	(19.0, 1157.0)	(20.0, 1133.0)	(21.0, 1217.0)	(22.0, 1200.0)	(23.0, 1341.0)	(24.0, 1459.0)	(25.0, 1695.0)	(26.0, 1931.0)	(27.0, 2338.0)	(28.0, 2750.0)	(29.0, 3309.0)	(30.0, 4112.0)	(31.0, 5108.0)	(32.0, 6758.0)	(33.0, 8835.0)	(34.0, 12453.0)	(35.0, 17603.0)	(36.0, 28125.0)	(37.0, 51255.0)	(38.0, 142156.0)	(39.0, 673027.0)	(40.0, 64845.0)
PID-2861-21_S216_R1_001	(15.0, 1.0)	(16.0, 1.0)	(17.0, 15.0)	(18.0, 40.0)	(19.0, 68.0)	(20.0, 160.0)	(21.0, 237.0)	(22.0, 295.0)	(23.0, 333.0)	(24.0, 493.0)	(25.0, 551.0)	(26.0, 720.0)	(27.0, 907.0)	(28.0, 1151.0)	(29.0, 1503.0)	(30.0, 1973.0)	(31.0, 2427.0)	(32.0, 3353.0)	(33.0, 4595.0)	(34.0, 6657.0)	(35.0, 9386.0)	(36.0, 15984.0)	(37.0, 28199.0)	(38.0, 72573.0)	(39.0, 739025.0)	(40.0, 185398.0)		
PID-2861-21_S216_R2_001	(13.0, 16.0)	(14.0, 90.0)	(15.0, 487.0)	(16.0, 1385.0)	(17.0, 1477.0)	(18.0, 1353.0)	(19.0, 1163.0)	(20.0, 1276.0)	(21.0, 1289.0)	(22.0, 1400.0)	(23.0, 1468.0)	(24.0, 1650.0)	(25.0, 1949.0)	(26.0, 2262.0)	(27.0, 2569.0)	(28.0, 3145.0)	(29.0, 3796.0)	(30.0, 4585.0)	(31.0, 5768.0)	(32.0, 7432.0)	(33.0, 9728.0)	(34.0, 13612.0)	(35.0, 18420.0)	(36.0, 29114.0)	(37.0, 51310.0)	(38.0, 140492.0)	(39.0, 695799.0)	(40.0, 73010.0)
PID-2861-22_S217_R1_001	(16.0, 3.0)	(17.0, 12.0)	(18.0, 36.0)	(19.0, 92.0)	(20.0, 114.0)	(21.0, 223.0)	(22.0, 275.0)	(23.0, 401.0)	(24.0, 485.0)	(25.0, 592.0)	(26.0, 804.0)	(27.0, 970.0)	(28.0, 1240.0)	(29.0, 1557.0)	(30.0, 2126.0)	(31.0, 2758.0)	(32.0, 3835.0)	(33.0, 4953.0)	(34.0, 6772.0)	(35.0, 10463.0)	(36.0, 16808.0)	(37.0, 28129.0)	(38.0, 74282.0)	(39.0, 694820.0)	(40.0, 154619.0)			
PID-2861-22_S217_R2_001	(13.0, 8.0)	(14.0, 66.0)	(15.0, 420.0)	(16.0, 1164.0)	(17.0, 1338.0)	(18.0, 1207.0)	(19.0, 1111.0)	(20.0, 1096.0)	(21.0, 1165.0)	(22.0, 1178.0)	(23.0, 1373.0)	(24.0, 1476.0)	(25.0, 1701.0)	(26.0, 2002.0)	(27.0, 2238.0)	(28.0, 2702.0)	(29.0, 3323.0)	(30.0, 4008.0)	(31.0, 4894.0)	(32.0, 6551.0)	(33.0, 8644.0)	(34.0, 11944.0)	(35.0, 16866.0)	(36.0, 26123.0)	(37.0, 47018.0)	(38.0, 130598.0)	(39.0, 656478.0)	(40.0, 69677.0)
PID-2861-23_S218_R1_001	(16.0, 2.0)	(17.0, 12.0)	(18.0, 28.0)	(19.0, 44.0)	(20.0, 87.0)	(21.0, 153.0)	(22.0, 194.0)	(23.0, 221.0)	(24.0, 310.0)	(25.0, 411.0)	(26.0, 531.0)	(27.0, 631.0)	(28.0, 818.0)	(29.0, 1082.0)	(30.0, 1409.0)	(31.0, 1840.0)	(32.0, 2602.0)	(33.0, 3636.0)	(34.0, 4983.0)	(35.0, 7428.0)	(36.0, 12708.0)	(37.0, 21680.0)	(38.0, 57201.0)	(39.0, 583828.0)	(40.0, 138737.0)			
PID-2861-23_S218_R2_001	(13.0, 8.0)	(14.0, 69.0)	(15.0, 373.0)	(16.0, 1068.0)	(17.0, 1157.0)	(18.0, 973.0)	(19.0, 871.0)	(20.0, 817.0)	(21.0, 880.0)	(22.0, 968.0)	(23.0, 1087.0)	(24.0, 1175.0)	(25.0, 1238.0)	(26.0, 1587.0)	(27.0, 1805.0)	(28.0, 2109.0)	(29.0, 2589.0)	(30.0, 3134.0)	(31.0, 3820.0)	(32.0, 5225.0)	(33.0, 6634.0)	(34.0, 9114.0)	(35.0, 13195.0)	(36.0, 20830.0)	(37.0, 37172.0)	(38.0, 104414.0)	(39.0, 556832.0)	(40.0, 61432.0)
PID-2861-24_S219_R1_001	(15.0, 1.0)	(16.0, 2.0)	(17.0, 21.0)	(18.0, 45.0)	(19.0, 84.0)	(20.0, 131.0)	(21.0, 228.0)	(22.0, 293.0)	(23.0, 401.0)	(24.0, 477.0)	(25.0, 635.0)	(26.0, 791.0)	(27.0, 960.0)	(28.0, 1242.0)	(29.0, 1569.0)	(30.0, 2044.0)	(31.0, 2686.0)	(32.0, 3833.0)	(33.0, 5078.0)	(34.0, 7153.0)	(35.0, 10321.0)	(36.0, 17497.0)	(37.0, 30296.0)	(38.0, 80527.0)	(39.0, 672630.0)	(40.0, 130260.0)		
PID-2861-24_S219_R2_001	(13.0, 3.0)	(14.0, 43.0)	(15.0, 326.0)	(16.0, 1111.0)	(17.0, 1254.0)	(18.0, 1023.0)	(19.0, 930.0)	(20.0, 921.0)	(21.0, 923.0)	(22.0, 967.0)	(23.0, 1077.0)	(24.0, 1221.0)	(25.0, 1476.0)	(26.0, 1697.0)	(27.0, 1893.0)	(28.0, 2398.0)	(29.0, 2815.0)	(30.0, 3583.0)	(31.0, 4342.0)	(32.0, 5753.0)	(33.0, 7862.0)	(34.0, 10862.0)	(35.0, 15684.0)	(36.0, 25242.0)	(37.0, 45106.0)	(38.0, 126567.0)	(39.0, 638499.0)	(40.0, 65627.0)
PID-2861-25_S220_R1_001	(16.0, 3.0)	(17.0, 13.0)	(18.0, 33.0)	(19.0, 63.0)	(20.0, 111.0)	(21.0, 185.0)	(22.0, 304.0)	(23.0, 350.0)	(24.0, 454.0)	(25.0, 588.0)	(26.0, 748.0)	(27.0, 880.0)	(28.0, 1129.0)	(29.0, 1418.0)	(30.0, 1940.0)	(31.0, 2399.0)	(32.0, 3409.0)	(33.0, 4504.0)	(34.0, 6406.0)	(35.0, 9059.0)	(36.0, 15348.0)	(37.0, 26663.0)	(38.0, 67469.0)	(39.0, 678269.0)	(40.0, 164801.0)			
PID-2861-25_S220_R2_001	(13.0, 9.0)	(14.0, 71.0)	(15.0, 395.0)	(16.0, 1254.0)	(17.0, 1471.0)	(18.0, 1364.0)	(19.0, 1200.0)	(20.0, 1188.0)	(21.0, 1193.0)	(22.0, 1294.0)	(23.0, 1346.0)	(24.0, 1594.0)	(25.0, 1707.0)	(26.0, 2049.0)	(27.0, 2266.0)	(28.0, 2606.0)	(29.0, 3198.0)	(30.0, 4075.0)	(31.0, 4810.0)	(32.0, 6312.0)	(33.0, 8325.0)	(34.0, 11470.0)	(35.0, 16269.0)	(36.0, 25445.0)	(37.0, 44782.0)	(38.0, 124496.0)	(39.0, 648157.0)	(40.0, 68200.0)
PID-2861-26_S221_R1_001	(16.0, 1.0)	(17.0, 11.0)	(18.0, 44.0)	(19.0, 97.0)	(20.0, 184.0)	(21.0, 221.0)	(22.0, 348.0)	(23.0, 428.0)	(24.0, 533.0)	(25.0, 659.0)	(26.0, 870.0)	(27.0, 1012.0)	(28.0, 1291.0)	(29.0, 1687.0)	(30.0, 2139.0)	(31.0, 2661.0)	(32.0, 3698.0)	(33.0, 5224.0)	(34.0, 7460.0)	(35.0, 10532.0)	(36.0, 17259.0)	(37.0, 31459.0)	(38.0, 80461.0)	(39.0, 819204.0)	(40.0, 198367.0)			
PID-2861-26_S221_R2_001	(13.0, 3.0)	(14.0, 88.0)	(15.0, 481.0)	(16.0, 1436.0)	(17.0, 1598.0)	(18.0, 1398.0)	(19.0, 1288.0)	(20.0, 1352.0)	(21.0, 1315.0)	(22.0, 1362.0)	(23.0, 1405.0)	(24.0, 1647.0)	(25.0, 1847.0)	(26.0, 2174.0)	(27.0, 2355.0)	(28.0, 2949.0)	(29.0, 3324.0)	(30.0, 4279.0)	(31.0, 5245.0)	(32.0, 6751.0)	(33.0, 8991.0)	(34.0, 12362.0)	(35.0, 17538.0)	(36.0, 27954.0)	(37.0, 50239.0)	(38.0, 141457.0)	(39.0, 794646.0)	(40.0, 90366.0)
PID-2861-27_S222_R1_001	(16.0, 4.0)	(17.0, 26.0)	(18.0, 53.0)	(19.0, 93.0)	(20.0, 167.0)	(21.0, 257.0)	(22.0, 349.0)	(23.0, 420.0)	(24.0, 589.0)	(25.0, 769.0)	(26.0, 997.0)	(27.0, 1174.0)	(28.0, 1495.0)	(29.0, 1946.0)	(30.0, 2566.0)	(31.0, 3314.0)	(32.0, 4623.0)	(33.0, 6398.0)	(34.0, 9143.0)	(35.0, 13008.0)	(36.0, 22337.0)	(37.0, 40578.0)	(38.0, 111066.0)	(39.0, 843683.0)	(40.0, 142037.0)			
PID-2861-27_S222_R2_001	(13.0, 10.0)	(14.0, 66.0)	(15.0, 413.0)	(16.0, 1368.0)	(17.0, 1327.0)	(18.0, 1063.0)	(19.0, 969.0)	(20.0, 874.0)	(21.0, 870.0)	(22.0, 925.0)	(23.0, 1052.0)	(24.0, 1242.0)	(25.0, 1388.0)	(26.0, 1619.0)	(27.0, 1831.0)	(28.0, 2264.0)	(29.0, 2776.0)	(30.0, 3277.0)	(31.0, 4255.0)	(32.0, 5709.0)	(33.0, 7846.0)	(34.0, 11083.0)	(35.0, 15910.0)	(36.0, 26258.0)	(37.0, 48832.0)	(38.0, 142236.0)	(39.0, 824790.0)	(40.0, 96839.0)
PID-2861-28_S223_R1_001	(16.0, 3.0)	(17.0, 16.0)	(18.0, 36.0)	(19.0, 75.0)	(20.0, 126.0)	(21.0, 176.0)	(22.0, 253.0)	(23.0, 351.0)	(24.0, 410.0)	(25.0, 576.0)	(26.0, 709.0)	(27.0, 802.0)	(28.0, 1093.0)	(29.0, 1327.0)	(30.0, 1828.0)	(31.0, 2203.0)	(32.0, 3149.0)	(33.0, 4273.0)	(34.0, 6260.0)	(35.0, 8742.0)	(36.0, 14613.0)	(37.0, 25639.0)	(38.0, 66204.0)	(39.0, 674095.0)	(40.0, 162459.0)			
PID-2861-28_S223_R2_001	(13.0, 7.0)	(14.0, 69.0)	(15.0, 334.0)	(16.0, 1097.0)	(17.0, 1245.0)	(18.0, 1129.0)	(19.0, 1027.0)	(20.0, 1080.0)	(21.0, 1012.0)	(22.0, 1069.0)	(23.0, 1126.0)	(24.0, 1334.0)	(25.0, 1392.0)	(26.0, 1722.0)	(27.0, 2075.0)	(28.0, 2423.0)	(29.0, 2942.0)	(30.0, 3565.0)	(31.0, 4355.0)	(32.0, 5674.0)	(33.0, 7466.0)	(34.0, 10757.0)	(35.0, 15094.0)	(36.0, 24199.0)	(37.0, 42806.0)	(38.0, 119503.0)	(39.0, 648865.0)	(40.0, 72051.0)
PID-2861-29_S224_R1_001	(15.0, 1.0)	(16.0, 1.0)	(17.0, 15.0)	(18.0, 31.0)	(19.0, 66.0)	(20.0, 129.0)	(21.0, 193.0)	(22.0, 212.0)	(23.0, 288.0)	(24.0, 395.0)	(25.0, 478.0)	(26.0, 631.0)	(27.0, 794.0)	(28.0, 983.0)	(29.0, 1277.0)	(30.0, 1614.0)	(31.0, 2156.0)	(32.0, 2895.0)	(33.0, 3974.0)	(34.0, 5498.0)	(35.0, 8043.0)	(36.0, 13424.0)	(37.0, 23885.0)	(38.0, 61676.0)	(39.0, 607728.0)	(40.0, 146382.0)		
PID-2861-29_S224_R2_001	(13.0, 6.0)	(14.0, 59.0)	(15.0, 338.0)	(16.0, 994.0)	(17.0, 1167.0)	(18.0, 1046.0)	(19.0, 901.0)	(20.0, 963.0)	(21.0, 1007.0)	(22.0, 1101.0)	(23.0, 1105.0)	(24.0, 1277.0)	(25.0, 1524.0)	(26.0, 1778.0)	(27.0, 2073.0)	(28.0, 2463.0)	(29.0, 3003.0)	(30.0, 3813.0)	(31.0, 4488.0)	(32.0, 6032.0)	(33.0, 7818.0)	(34.0, 10612.0)	(35.0, 15086.0)	(36.0, 23844.0)	(37.0, 42141.0)	(38.0, 115086.0)	(39.0, 573309.0)	(40.0, 59735.0)
PID-2861-2_S197_R1_001	(16.0, 2.0)	(17.0, 7.0)	(18.0, 31.0)	(19.0, 70.0)	(20.0, 136.0)	(21.0, 194.0)	(22.0, 248.0)	(23.0, 321.0)	(24.0, 414.0)	(25.0, 537.0)	(26.0, 635.0)	(27.0, 877.0)	(28.0, 1004.0)	(29.0, 1293.0)	(30.0, 1697.0)	(31.0, 2171.0)	(32.0, 3098.0)	(33.0, 4279.0)	(34.0, 6046.0)	(35.0, 8564.0)	(36.0, 14410.0)	(37.0, 24670.0)	(38.0, 63748.0)	(39.0, 653511.0)	(40.0, 165876.0)			
PID-2861-2_S197_R2_001	(13.0, 4.0)	(14.0, 62.0)	(15.0, 368.0)	(16.0, 1022.0)	(17.0, 1252.0)	(18.0, 1093.0)	(19.0, 912.0)	(20.0, 933.0)	(21.0, 1015.0)	(22.0, 1048.0)	(23.0, 1074.0)	(24.0, 1308.0)	(25.0, 1477.0)	(26.0, 1664.0)	(27.0, 1944.0)	(28.0, 2295.0)	(29.0, 2722.0)	(30.0, 3524.0)	(31.0, 4107.0)	(32.0, 5428.0)	(33.0, 7278.0)	(34.0, 10060.0)	(35.0, 14036.0)	(36.0, 22522.0)	(37.0, 40030.0)	(38.0, 111760.0)	(39.0, 640137.0)	(40.0, 74764.0)
PID-2861-30_S225_R1_001	(15.0, 2.0)	(16.0, 5.0)	(17.0, 15.0)	(18.0, 29.0)	(19.0, 43.0)	(20.0, 106.0)	(21.0, 151.0)	(22.0, 193.0)	(23.0, 264.0)	(24.0, 326.0)	(25.0, 436.0)	(26.0, 590.0)	(27.0, 708.0)	(28.0, 980.0)	(29.0, 1291.0)	(30.0, 1578.0)	(31.0, 2216.0)	(32.0, 3022.0)	(33.0, 4223.0)	(34.0, 6417.0)	(35.0, 9506.0)	(36.0, 16366.0)	(37.0, 31349.0)	(38.0, 89695.0)	(39.0, 541091.0)	(40.0, 67468.0)		
PID-2861-30_S225_R2_001	(13.0, 8.0)	(14.0, 57.0)	(15.0, 258.0)	(16.0, 846.0)	(17.0, 863.0)	(18.0, 603.0)	(19.0, 548.0)	(20.0, 577.0)	(21.0, 537.0)	(22.0, 553.0)	(23.0, 632.0)	(24.0, 696.0)	(25.0, 783.0)	(26.0, 911.0)	(27.0, 1056.0)	(28.0, 1313.0)	(29.0, 1600.0)	(30.0, 2093.0)	(31.0, 2561.0)	(32.0, 3560.0)	(33.0, 4893.0)	(34.0, 7014.0)	(35.0, 10597.0)	(36.0, 17762.0)	(37.0, 34414.0)	(38.0, 100705.0)	(39.0, 526578.0)	(40.0, 56052.0)
PID-2861-31_S226_R1_001	(15.0, 2.0)	(16.0, 0.0)	(17.0, 5.0)	(18.0, 12.0)	(19.0, 26.0)	(20.0, 45.0)	(21.0, 78.0)	(22.0, 99.0)	(23.0, 133.0)	(24.0, 159.0)	(25.0, 175.0)	(26.0, 280.0)	(27.0, 288.0)	(28.0, 429.0)	(29.0, 537.0)	(30.0, 688.0)	(31.0, 1007.0)	(32.0, 1496.0)	(33.0, 1972.0)	(34.0, 2631.0)	(35.0, 4124.0)	(36.0, 7342.0)	(37.0, 12766.0)	(38.0, 34252.0)	(39.0, 361748.0)	(40.0, 97791.0)		
PID-2861-31_S226_R2_001	(13.0, 7.0)	(14.0, 54.0)	(15.0, 259.0)	(16.0, 740.0)	(17.0, 841.0)	(18.0, 728.0)	(19.0, 588.0)	(20.0, 560.0)	(21.0, 570.0)	(22.0, 626.0)	(23.0, 675.0)	(24.0, 697.0)	(25.0, 844.0)	(26.0, 971.0)	(27.0, 1137.0)	(28.0, 1310.0)	(29.0, 1524.0)	(30.0, 1910.0)	(31.0, 2364.0)	(32.0, 3140.0)	(33.0, 4121.0)	(34.0, 5780.0)	(35.0, 8090.0)	(36.0, 13330.0)	(37.0, 23651.0)	(38.0, 65420.0)	(39.0, 346806.0)	(40.0, 41342.0)
PID-2861-32_S227_R1_001	(16.0, 1.0)	(17.0, 8.0)	(18.0, 26.0)	(19.0, 47.0)	(20.0, 106.0)	(21.0, 169.0)	(22.0, 211.0)	(23.0, 284.0)	(24.0, 367.0)	(25.0, 459.0)	(26.0, 576.0)	(27.0, 713.0)	(28.0, 926.0)	(29.0, 1190.0)	(30.0, 1470.0)	(31.0, 1838.0)	(32.0, 2490.0)	(33.0, 3546.0)	(34.0, 5031.0)	(35.0, 7261.0)	(36.0, 12039.0)	(37.0, 21036.0)	(38.0, 54243.0)	(39.0, 525271.0)	(40.0, 125109.0)			
PID-2861-32_S227_R2_001	(13.0, 3.0)	(14.0, 45.0)	(15.0, 257.0)	(16.0, 763.0)	(17.0, 867.0)	(18.0, 854.0)	(19.0, 729.0)	(20.0, 812.0)	(21.0, 809.0)	(22.0, 885.0)	(23.0, 939.0)	(24.0, 1055.0)	(25.0, 1232.0)	(26.0, 1403.0)	(27.0, 1580.0)	(28.0, 2043.0)	(29.0, 2365.0)	(30.0, 2887.0)	(31.0, 3610.0)	(32.0, 4786.0)	(33.0, 6367.0)	(34.0, 8729.0)	(35.0, 12301.0)	(36.0, 19300.0)	(37.0, 34327.0)	(38.0, 94221.0)	(39.0, 505796.0)	(40.0, 55452.0)
PID-2861-33_S228_R1_001	(16.0, 7.0)	(17.0, 28.0)	(18.0, 59.0)	(19.0, 92.0)	(20.0, 190.0)	(21.0, 250.0)	(22.0, 360.0)	(23.0, 447.0)	(24.0, 563.0)	(25.0, 755.0)	(26.0, 922.0)	(27.0, 1157.0)	(28.0, 1486.0)	(29.0, 1821.0)	(30.0, 2372.0)	(31.0, 3095.0)	(32.0, 4236.0)	(33.0, 5786.0)	(34.0, 7913.0)	(35.0, 11330.0)	(36.0, 18789.0)	(37.0, 31632.0)	(38.0, 80328.0)	(39.0, 839701.0)	(40.0, 218174.0)			
PID-2861-33_S228_R2_001	(13.0, 7.0)	(14.0, 76.0)	(15.0, 436.0)	(16.0, 1465.0)	(17.0, 1711.0)	(18.0, 1450.0)	(19.0, 1414.0)	(20.0, 1419.0)	(21.0, 1363.0)	(22.0, 1495.0)	(23.0, 1650.0)	(24.0, 1776.0)	(25.0, 2095.0)	(26.0, 2521.0)	(27.0, 2846.0)	(28.0, 3474.0)	(29.0, 4084.0)	(30.0, 4986.0)	(31.0, 6140.0)	(32.0, 7891.0)	(33.0, 10318.0)	(34.0, 14349.0)	(35.0, 19912.0)	(36.0, 30943.0)	(37.0, 55157.0)	(38.0, 152961.0)	(39.0, 812942.0)	(40.0, 86612.0)
PID-2861-34_S229_R1_001	(16.0, 3.0)	(17.0, 7.0)	(18.0, 24.0)	(19.0, 49.0)	(20.0, 80.0)	(21.0, 121.0)	(22.0, 192.0)	(23.0, 234.0)	(24.0, 310.0)	(25.0, 358.0)	(26.0, 472.0)	(27.0, 599.0)	(28.0, 790.0)	(29.0, 1015.0)	(30.0, 1345.0)	(31.0, 1719.0)	(32.0, 2415.0)	(33.0, 3208.0)	(34.0, 4735.0)	(35.0, 6961.0)	(36.0, 11621.0)	(37.0, 20447.0)	(38.0, 55101.0)	(39.0, 604668.0)	(40.0, 162496.0)			
PID-2861-34_S229_R2_001	(13.0, 3.0)	(14.0, 60.0)	(15.0, 302.0)	(16.0, 963.0)	(17.0, 1077.0)	(18.0, 873.0)	(19.0, 758.0)	(20.0, 776.0)	(21.0, 784.0)	(22.0, 786.0)	(23.0, 910.0)	(24.0, 1048.0)	(25.0, 1086.0)	(26.0, 1306.0)	(27.0, 1498.0)	(28.0, 1823.0)	(29.0, 2325.0)	(30.0, 2788.0)	(31.0, 3391.0)	(32.0, 4461.0)	(33.0, 6125.0)	(34.0, 8371.0)	(35.0, 12151.0)	(36.0, 19480.0)	(37.0, 35322.0)	(38.0, 99601.0)	(39.0, 596344.0)	(40.0, 74558.0)
PID-2861-35_S230_R1_001	(16.0, 3.0)	(17.0, 12.0)	(18.0, 27.0)	(19.0, 41.0)	(20.0, 95.0)	(21.0, 158.0)	(22.0, 209.0)	(23.0, 259.0)	(24.0, 297.0)	(25.0, 422.0)	(26.0, 491.0)	(27.0, 663.0)	(28.0, 799.0)	(29.0, 1018.0)	(30.0, 1368.0)	(31.0, 1784.0)	(32.0, 2434.0)	(33.0, 3355.0)	(34.0, 4912.0)	(35.0, 7102.0)	(36.0, 12032.0)	(37.0, 21260.0)	(38.0, 55897.0)	(39.0, 595258.0)	(40.0, 152750.0)			
PID-2861-35_S230_R2_001	(13.0, 1.0)	(14.0, 66.0)	(15.0, 342.0)	(16.0, 984.0)	(17.0, 1107.0)	(18.0, 945.0)	(19.0, 862.0)	(20.0, 863.0)	(21.0, 887.0)	(22.0, 904.0)	(23.0, 968.0)	(24.0, 1088.0)	(25.0, 1250.0)	(26.0, 1403.0)	(27.0, 1651.0)	(28.0, 2010.0)	(29.0, 2463.0)	(30.0, 3017.0)	(31.0, 3708.0)	(32.0, 4947.0)	(33.0, 6452.0)	(34.0, 9278.0)	(35.0, 13009.0)	(36.0, 20995.0)	(37.0, 37710.0)	(38.0, 105866.0)	(39.0, 576506.0)	(40.0, 63364.0)
PID-2861-36_S231_R1_001	(16.0, 4.0)	(17.0, 19.0)	(18.0, 44.0)	(19.0, 79.0)	(20.0, 166.0)	(21.0, 228.0)	(22.0, 339.0)	(23.0, 411.0)	(24.0, 486.0)	(25.0, 657.0)	(26.0, 866.0)	(27.0, 1020.0)	(28.0, 1243.0)	(29.0, 1666.0)	(30.0, 2039.0)	(31.0, 2723.0)	(32.0, 3720.0)	(33.0, 4786.0)	(34.0, 6924.0)	(35.0, 9632.0)	(36.0, 15769.0)	(37.0, 27883.0)	(38.0, 71143.0)	(39.0, 735185.0)	(40.0, 181430.0)			
PID-2861-36_S231_R2_001	(13.0, 17.0)	(14.0, 67.0)	(15.0, 427.0)	(16.0, 1283.0)	(17.0, 1373.0)	(18.0, 1199.0)	(19.0, 1100.0)	(20.0, 1018.0)	(21.0, 1030.0)	(22.0, 1142.0)	(23.0, 1168.0)	(24.0, 1403.0)	(25.0, 1615.0)	(26.0, 1870.0)	(27.0, 2123.0)	(28.0, 2483.0)	(29.0, 3020.0)	(30.0, 3615.0)	(31.0, 4494.0)	(32.0, 5963.0)	(33.0, 7835.0)	(34.0, 10851.0)	(35.0, 15445.0)	(36.0, 24067.0)	(37.0, 42798.0)	(38.0, 121270.0)	(39.0, 722208.0)	(40.0, 87578.0)
PID-2861-37_S232_R1_001	(17.0, 7.0)	(18.0, 5.0)	(19.0, 20.0)	(20.0, 39.0)	(21.0, 70.0)	(22.0, 123.0)	(23.0, 164.0)	(24.0, 235.0)	(25.0, 364.0)	(26.0, 536.0)	(27.0, 725.0)	(28.0, 1075.0)	(29.0, 1613.0)	(30.0, 2666.0)	(31.0, 4347.0)	(32.0, 7144.0)	(33.0, 12782.0)	(34.0, 22846.0)	(35.0, 39949.0)	(36.0, 69397.0)	(37.0, 103722.0)	(38.0, 116806.0)	(39.0, 59294.0)	(40.0, 1277.0)				
PID-2861-37_S232_R2_001	(14.0, 8.0)	(15.0, 98.0)	(16.0, 388.0)	(17.0, 299.0)	(18.0, 168.0)	(19.0, 152.0)	(20.0, 136.0)	(21.0, 134.0)	(22.0, 116.0)	(23.0, 112.0)	(24.0, 149.0)	(25.0, 162.0)	(26.0, 185.0)	(27.0, 202.0)	(28.0, 235.0)	(29.0, 302.0)	(30.0, 397.0)	(31.0, 506.0)	(32.0, 638.0)	(33.0, 977.0)	(34.0, 1501.0)	(35.0, 2396.0)	(36.0, 4918.0)	(37.0, 11866.0)	(38.0, 49801.0)	(39.0, 334520.0)	(40.0, 34840.0)	
PID-2861-38_S233_R1_001	(16.0, 2.0)	(17.0, 13.0)	(18.0, 35.0)	(19.0, 61.0)	(20.0, 129.0)	(21.0, 174.0)	(22.0, 262.0)	(23.0, 307.0)	(24.0, 444.0)	(25.0, 574.0)	(26.0, 744.0)	(27.0, 852.0)	(28.0, 1104.0)	(29.0, 1452.0)	(30.0, 1870.0)	(31.0, 2313.0)	(32.0, 3330.0)	(33.0, 4544.0)	(34.0, 6514.0)	(35.0, 9467.0)	(36.0, 15837.0)	(37.0, 27990.0)	(38.0, 73649.0)	(39.0, 751408.0)	(40.0, 187898.0)			
PID-2861-38_S233_R2_001	(13.0, 6.0)	(14.0, 82.0)	(15.0, 387.0)	(16.0, 1186.0)	(17.0, 1288.0)	(18.0, 1118.0)	(19.0, 1048.0)	(20.0, 1007.0)	(21.0, 1049.0)	(22.0, 1109.0)	(23.0, 1241.0)	(24.0, 1356.0)	(25.0, 1668.0)	(26.0, 1844.0)	(27.0, 2103.0)	(28.0, 2687.0)	(29.0, 3041.0)	(30.0, 3790.0)	(31.0, 4661.0)	(32.0, 6358.0)	(33.0, 8187.0)	(34.0, 11344.0)	(35.0, 16041.0)	(36.0, 25658.0)	(37.0, 45520.0)	(38.0, 128956.0)	(39.0, 733187.0)	(40.0, 85051.0)
PID-2861-39_S234_R1_001	(15.0, 1.0)	(16.0, 2.0)	(17.0, 13.0)	(18.0, 45.0)	(19.0, 59.0)	(20.0, 131.0)	(21.0, 220.0)	(22.0, 283.0)	(23.0, 361.0)	(24.0, 471.0)	(25.0, 633.0)	(26.0, 783.0)	(27.0, 1000.0)	(28.0, 1168.0)	(29.0, 1496.0)	(30.0, 1996.0)	(31.0, 2580.0)	(32.0, 3394.0)	(33.0, 4829.0)	(34.0, 6942.0)	(35.0, 9738.0)	(36.0, 15666.0)	(37.0, 27767.0)	(38.0, 70536.0)	(39.0, 716097.0)	(40.0, 180685.0)		
PID-2861-39_S234_R2_001	(13.0, 9.0)	(14.0, 78.0)	(15.0, 495.0)	(16.0, 1456.0)	(17.0, 1662.0)	(18.0, 1456.0)	(19.0, 1218.0)	(20.0, 1235.0)	(21.0, 1377.0)	(22.0, 1390.0)	(23.0, 1560.0)	(24.0, 1784.0)	(25.0, 1933.0)	(26.0, 2232.0)	(27.0, 2562.0)	(28.0, 3060.0)	(29.0, 3752.0)	(30.0, 4485.0)	(31.0, 5336.0)	(32.0, 7250.0)	(33.0, 9267.0)	(34.0, 13007.0)	(35.0, 17772.0)	(36.0, 28313.0)	(37.0, 49773.0)	(38.0, 136951.0)	(39.0, 679020.0)	(40.0, 68463.0)
PID-2861-3_S198_R1_001	(16.0, 3.0)	(17.0, 13.0)	(18.0, 25.0)	(19.0, 66.0)	(20.0, 105.0)	(21.0, 170.0)	(22.0, 238.0)	(23.0, 301.0)	(24.0, 420.0)	(25.0, 569.0)	(26.0, 723.0)	(27.0, 921.0)	(28.0, 1321.0)	(29.0, 1651.0)	(30.0, 2366.0)	(31.0, 3201.0)	(32.0, 4951.0)	(33.0, 6805.0)	(34.0, 10814.0)	(35.0, 17446.0)	(36.0, 32055.0)	(37.0, 66382.0)	(38.0, 200491.0)	(39.0, 508952.0)	(40.0, 21452.0)			
PID-2861-3_S198_R2_001	(13.0, 4.0)	(14.0, 22.0)	(15.0, 215.0)	(16.0, 771.0)	(17.0, 727.0)	(18.0, 426.0)	(19.0, 357.0)	(20.0, 356.0)	(21.0, 304.0)	(22.0, 314.0)	(23.0, 355.0)	(24.0, 374.0)	(25.0, 497.0)	(26.0, 567.0)	(27.0, 613.0)	(28.0, 753.0)	(29.0, 920.0)	(30.0, 1165.0)	(31.0, 1505.0)	(32.0, 2087.0)	(33.0, 2917.0)	(34.0, 4442.0)	(35.0, 6857.0)	(36.0, 12498.0)	(37.0, 26464.0)	(38.0, 94008.0)	(39.0, 645392.0)	(40.0, 76531.0)
PID-2861-40_S235_R1_001	(16.0, 5.0)	(17.0, 9.0)	(18.0, 27.0)	(19.0, 66.0)	(20.0, 110.0)	(21.0, 181.0)	(22.0, 238.0)	(23.0, 302.0)	(24.0, 387.0)	(25.0, 489.0)	(26.0, 628.0)	(27.0, 788.0)	(28.0, 960.0)	(29.0, 1252.0)	(30.0, 1655.0)	(31.0, 2082.0)	(32.0, 2943.0)	(33.0, 4035.0)	(34.0, 5858.0)	(35.0, 8239.0)	(36.0, 13988.0)	(37.0, 24714.0)	(38.0, 63099.0)	(39.0, 657487.0)	(40.0, 167159.0)			
PID-2861-40_S235_R2_001	(13.0, 6.0)	(14.0, 63.0)	(15.0, 360.0)	(16.0, 1198.0)	(17.0, 1322.0)	(18.0, 1148.0)	(19.0, 1020.0)	(20.0, 1021.0)	(21.0, 1083.0)	(22.0, 1104.0)	(23.0, 1205.0)	(24.0, 1317.0)	(25.0, 1571.0)	(26.0, 1750.0)	(27.0, 2015.0)	(28.0, 2490.0)	(29.0, 2858.0)	(30.0, 3575.0)	(31.0, 4364.0)	(32.0, 5898.0)	(33.0, 7436.0)	(34.0, 10498.0)	(35.0, 14806.0)	(36.0, 23578.0)	(37.0, 41934.0)	(38.0, 116593.0)	(39.0, 634750.0)	(40.0, 71738.0)
PID-2861-4_S199_R1_001	(16.0, 1.0)	(17.0, 12.0)	(18.0, 28.0)	(19.0, 41.0)	(20.0, 76.0)	(21.0, 128.0)	(22.0, 209.0)	(23.0, 224.0)	(24.0, 306.0)	(25.0, 383.0)	(26.0, 500.0)	(27.0, 592.0)	(28.0, 709.0)	(29.0, 1001.0)	(30.0, 1291.0)	(31.0, 1765.0)	(32.0, 2518.0)	(33.0, 3483.0)	(34.0, 4820.0)	(35.0, 6965.0)	(36.0, 12186.0)	(37.0, 21599.0)	(38.0, 57793.0)	(39.0, 635414.0)	(40.0, 160203.0)			
PID-2861-4_S199_R2_001	(13.0, 3.0)	(14.0, 82.0)	(15.0, 391.0)	(16.0, 1140.0)	(17.0, 1241.0)	(18.0, 969.0)	(19.0, 882.0)	(20.0, 881.0)	(21.0, 823.0)	(22.0, 897.0)	(23.0, 1004.0)	(24.0, 1048.0)	(25.0, 1185.0)	(26.0, 1461.0)	(27.0, 1641.0)	(28.0, 1932.0)	(29.0, 2269.0)	(30.0, 2957.0)	(31.0, 3585.0)	(32.0, 4901.0)	(33.0, 6204.0)	(34.0, 8758.0)	(35.0, 12726.0)	(36.0, 20434.0)	(37.0, 37745.0)	(38.0, 110004.0)	(39.0, 617410.0)	(40.0, 69674.0)
PID-2861-5_S200_R1_001	(16.0, 1.0)	(17.0, 12.0)	(18.0, 19.0)	(19.0, 68.0)	(20.0, 88.0)	(21.0, 127.0)	(22.0, 188.0)	(23.0, 246.0)	(24.0, 305.0)	(25.0, 408.0)	(26.0, 485.0)	(27.0, 560.0)	(28.0, 756.0)	(29.0, 955.0)	(30.0, 1327.0)	(31.0, 1570.0)	(32.0, 2322.0)	(33.0, 3127.0)	(34.0, 4603.0)	(35.0, 6497.0)	(36.0, 11187.0)	(37.0, 19674.0)	(38.0, 52220.0)	(39.0, 585913.0)	(40.0, 164304.0)			
PID-2861-5_S200_R2_001	(13.0, 8.0)	(14.0, 63.0)	(15.0, 347.0)	(16.0, 1108.0)	(17.0, 1196.0)	(18.0, 1052.0)	(19.0, 927.0)	(20.0, 939.0)	(21.0, 931.0)	(22.0, 910.0)	(23.0, 968.0)	(24.0, 1176.0)	(25.0, 1289.0)	(26.0, 1544.0)	(27.0, 1691.0)	(28.0, 2032.0)	(29.0, 2428.0)	(30.0, 3015.0)	(31.0, 3664.0)	(32.0, 4885.0)	(33.0, 6310.0)	(34.0, 8683.0)	(35.0, 12421.0)	(36.0, 19888.0)	(37.0, 35366.0)	(38.0, 98679.0)	(39.0, 575241.0)	(40.0, 70201.0)
PID-2861-6_S201_R1_001	(16.0, 8.0)	(17.0, 15.0)	(18.0, 25.0)	(19.0, 66.0)	(20.0, 107.0)	(21.0, 164.0)	(22.0, 232.0)	(23.0, 302.0)	(24.0, 405.0)	(25.0, 505.0)	(26.0, 586.0)	(27.0, 777.0)	(28.0, 973.0)	(29.0, 1181.0)	(30.0, 1570.0)	(31.0, 1980.0)	(32.0, 2866.0)	(33.0, 3763.0)	(34.0, 5459.0)	(35.0, 7809.0)	(36.0, 13128.0)	(37.0, 22640.0)	(38.0, 58897.0)	(39.0, 625138.0)	(40.0, 160373.0)			
PID-2861-6_S201_R2_001	(13.0, 3.0)	(14.0, 50.0)	(15.0, 301.0)	(16.0, 1054.0)	(17.0, 1258.0)	(18.0, 1096.0)	(19.0, 934.0)	(20.0, 966.0)	(21.0, 977.0)	(22.0, 1081.0)	(23.0, 1161.0)	(24.0, 1275.0)	(25.0, 1438.0)	(26.0, 1658.0)	(27.0, 1896.0)	(28.0, 2344.0)	(29.0, 2872.0)	(30.0, 3315.0)	(31.0, 4038.0)	(32.0, 5547.0)	(33.0, 7180.0)	(34.0, 9841.0)	(35.0, 13714.0)	(36.0, 21844.0)	(37.0, 39100.0)	(38.0, 108636.0)	(39.0, 605498.0)	(40.0, 69892.0)
PID-2861-7_S202_R1_001	(16.0, 2.0)	(17.0, 12.0)	(18.0, 40.0)	(19.0, 58.0)	(20.0, 108.0)	(21.0, 173.0)	(22.0, 210.0)	(23.0, 279.0)	(24.0, 349.0)	(25.0, 470.0)	(26.0, 600.0)	(27.0, 698.0)	(28.0, 901.0)	(29.0, 1151.0)	(30.0, 1557.0)	(31.0, 2014.0)	(32.0, 2794.0)	(33.0, 3859.0)	(34.0, 5605.0)	(35.0, 7969.0)	(36.0, 13755.0)	(37.0, 24335.0)	(38.0, 62751.0)	(39.0, 667784.0)	(40.0, 170866.0)			
PID-2861-7_S202_R2_001	(13.0, 7.0)	(14.0, 62.0)	(15.0, 376.0)	(16.0, 1156.0)	(17.0, 1345.0)	(18.0, 1168.0)	(19.0, 967.0)	(20.0, 954.0)	(21.0, 961.0)	(22.0, 1038.0)	(23.0, 1119.0)	(24.0, 1279.0)	(25.0, 1474.0)	(26.0, 1575.0)	(27.0, 1815.0)	(28.0, 2291.0)	(29.0, 2661.0)	(30.0, 3378.0)	(31.0, 4150.0)	(32.0, 5612.0)	(33.0, 7247.0)	(34.0, 10153.0)	(35.0, 14355.0)	(36.0, 22895.0)	(37.0, 40918.0)	(38.0, 115416.0)	(39.0, 649752.0)	(40.0, 74216.0)
PID-2861-8_S203_R1_001	(16.0, 3.0)	(17.0, 20.0)	(18.0, 37.0)	(19.0, 68.0)	(20.0, 123.0)	(21.0, 182.0)	(22.0, 270.0)	(23.0, 312.0)	(24.0, 428.0)	(25.0, 582.0)	(26.0, 700.0)	(27.0, 813.0)	(28.0, 1186.0)	(29.0, 1434.0)	(30.0, 1936.0)	(31.0, 2501.0)	(32.0, 3406.0)	(33.0, 4735.0)	(34.0, 6568.0)	(35.0, 9622.0)	(36.0, 16200.0)	(37.0, 27772.0)	(38.0, 73408.0)	(39.0, 681827.0)	(40.0, 145177.0)			
PID-2861-8_S203_R2_001	(13.0, 8.0)	(14.0, 92.0)	(15.0, 482.0)	(16.0, 1375.0)	(17.0, 1821.0)	(18.0, 1633.0)	(19.0, 1469.0)	(20.0, 1466.0)	(21.0, 1599.0)	(22.0, 1656.0)	(23.0, 1690.0)	(24.0, 2002.0)	(25.0, 2106.0)	(26.0, 2526.0)	(27.0, 2806.0)	(28.0, 3519.0)	(29.0, 4239.0)	(30.0, 5055.0)	(31.0, 6374.0)	(32.0, 8390.0)	(33.0, 10944.0)	(34.0, 15099.0)	(35.0, 21439.0)	(36.0, 34603.0)	(37.0, 62736.0)	(38.0, 173020.0)	(39.0, 574895.0)	(40.0, 36266.0)
PID-2861-9_S204_R1_001	(15.0, 1.0)	(16.0, 2.0)	(17.0, 25.0)	(18.0, 41.0)	(19.0, 79.0)	(20.0, 171.0)	(21.0, 257.0)	(22.0, 293.0)	(23.0, 384.0)	(24.0, 516.0)	(25.0, 694.0)	(26.0, 850.0)	(27.0, 1015.0)	(28.0, 1302.0)	(29.0, 1650.0)	(30.0, 2145.0)	(31.0, 2607.0)	(32.0, 3578.0)	(33.0, 4865.0)	(34.0, 6861.0)	(35.0, 9733.0)	(36.0, 15841.0)	(37.0, 28075.0)	(38.0, 70665.0)	(39.0, 717543.0)	(40.0, 175151.0)		
PID-2861-9_S204_R2_001	(13.0, 9.0)	(14.0, 64.0)	(15.0, 382.0)	(16.0, 1198.0)	(17.0, 1439.0)	(18.0, 1262.0)	(19.0, 1100.0)	(20.0, 1144.0)	(21.0, 1188.0)	(22.0, 1289.0)	(23.0, 1359.0)	(24.0, 1604.0)	(25.0, 1778.0)	(26.0, 1991.0)	(27.0, 2360.0)	(28.0, 2836.0)	(29.0, 3299.0)	(30.0, 4004.0)	(31.0, 4908.0)	(32.0, 6437.0)	(33.0, 8373.0)	(34.0, 11967.0)	(35.0, 16302.0)	(36.0, 25928.0)	(37.0, 45119.0)	(38.0, 127670.0)	(39.0, 693183.0)	(40.0, 76151.0)
