Sample	0	1	2	3	4	5	6	7	8	9	10	11	12	13	14	15	16	17	18	19	20	21	22	23	24	25	26	27	28	29	30	31	32	33	34	35	36	37
PID-2861-10_S205_R1_001	(1, 39.090600069116235)	(2, 38.64766831094435)	(3, 39.02448952987432)	(4, 38.77416331846474)	(5, 39.12424565533136)	(6, 39.14695316698704)	(7, 39.10008694871502)	(8, 39.24732174591052)	(9, 39.13941187249654)	(10, 39.22356051913425)	(15, 39.41938821063972)	(20, 39.49638025243413)	(25, 39.489485354614246)	(30, 39.45723143976987)	(35, 39.47481155987471)	(40, 39.488356866058396)	(45, 39.512864843326284)	(50, 39.528596780560875)	(55, 39.508365647017726)	(60, 39.49396487370299)	(65, 39.506693083334255)	(70, 39.48116287449746)	(75, 39.466380363118496)	(80, 39.40970406691239)	(85, 39.38755046899424)	(90, 39.40669443614312)	(95, 39.44383912397018)	(100, 39.42440590169015)	(105, 39.395344123828735)	(110, 39.32410127373104)	(115, 39.308501173869146)	(120, 39.24100142290896)	(125, 39.051547182898524)	(130, 38.981189315761576)	(135, 39.181801523262784)	(140, 39.20294412918973)	(145, 39.246062732074826)	(150, 39.02050559948539)
PID-2861-10_S205_R2_001	(1, 38.628945436299304)	(2, 37.900076618174616)	(3, 38.41530248191233)	(4, 38.10549203503037)	(5, 38.45191440901315)	(6, 38.7710493984305)	(7, 38.62519692592634)	(8, 38.98759228308632)	(9, 38.69097295243155)	(10, 38.761332787290485)	(15, 38.889258328690744)	(20, 38.96443121151412)	(25, 39.01313036281104)	(30, 39.00763057987537)	(35, 38.98459544250993)	(40, 38.96401011901029)	(45, 38.99157593623597)	(50, 39.03449883965895)	(55, 38.996616256089176)	(60, 38.92059823667514)	(65, 38.91681824275048)	(70, 38.84239604586268)	(75, 38.777339221741364)	(80, 38.759139761143146)	(85, 38.78111921566602)	(90, 38.74926032100924)	(95, 38.76764425554313)	(100, 38.721628093166714)	(105, 38.67773510280732)	(110, 38.62292814248275)	(115, 38.52657912763506)	(120, 38.50825914406553)	(125, 38.529525299370455)	(130, 38.440776118742185)	(135, 38.34060529587775)	(140, 38.07180748771064)	(145, 38.25324663949384)	(150, 37.954745959786926)
PID-2861-11_S206_R1_001	(1, 39.248279733217736)	(2, 38.58157742740364)	(3, 38.986664373365)	(4, 38.72681779989471)	(5, 39.12678200579446)	(6, 39.13831514380977)	(7, 39.166192704744)	(8, 39.298361257767496)	(9, 39.15873637528952)	(10, 39.22264139541208)	(15, 39.41762255121287)	(20, 39.48804023814698)	(25, 39.48038030069368)	(30, 39.44646236912782)	(35, 39.46271939865911)	(40, 39.481426232194465)	(45, 39.501738686798134)	(50, 39.51891055774878)	(55, 39.49581639021148)	(60, 39.48367940107638)	(65, 39.49624684913135)	(70, 39.472424713269504)	(75, 39.45421434855319)	(80, 39.39480357987489)	(85, 39.37413132483495)	(90, 39.40094110592148)	(95, 39.4397061164912)	(100, 39.42045167970788)	(105, 39.39871396911248)	(110, 39.330151067373095)	(115, 39.3105554244913)	(120, 39.24262891396283)	(125, 39.04421477854724)	(130, 38.977113391758294)	(135, 39.176457708921916)	(140, 39.20902828874258)	(145, 39.263855678457276)	(150, 39.034015033202124)
PID-2861-11_S206_R2_001	(1, 38.78267054203657)	(2, 38.141203076898044)	(3, 38.58722545750787)	(4, 38.328452707045045)	(5, 38.64401721370821)	(6, 38.84960086091784)	(7, 38.74998634478318)	(8, 39.06146939430107)	(9, 38.819203767212834)	(10, 38.86055385559405)	(15, 38.96581640183293)	(20, 39.025555360573264)	(25, 39.07342276435047)	(30, 39.068662613875794)	(35, 39.04196904740046)	(40, 39.03329618339596)	(45, 39.05100543070878)	(50, 39.09242989644116)	(55, 39.057474400826514)	(60, 38.981031218731005)	(65, 38.97521769902043)	(70, 38.90550938607307)	(75, 38.837846450282804)	(80, 38.8265136662572)	(85, 38.852479264408)	(90, 38.82101578543064)	(95, 38.83167220041907)	(100, 38.79213598968944)	(105, 38.75065016264235)	(110, 38.693234566409096)	(115, 38.60405519264315)	(120, 38.57542316645303)	(125, 38.60503511424478)	(130, 38.511653420137904)	(135, 38.417421964793945)	(140, 38.152489252439835)	(145, 38.32435317304783)	(150, 38.01947564651613)
PID-2861-12_S207_R1_001	(1, 38.95921805637268)	(2, 38.124963897951545)	(3, 38.56225597689469)	(4, 38.19807990586725)	(5, 38.73232069315933)	(6, 38.615152163448684)	(7, 38.76107396908595)	(8, 38.94847301706156)	(9, 38.79488153179655)	(10, 38.90993528373536)	(15, 39.19446970102156)	(20, 39.29764561159544)	(25, 39.298252126009515)	(30, 39.272553885650105)	(35, 39.29725036102049)	(40, 39.30817992191261)	(45, 39.33936460394716)	(50, 39.364889554473976)	(55, 39.33997325774188)	(60, 39.32364657431673)	(65, 39.341224795421724)	(70, 39.31386639567845)	(75, 39.29247900732737)	(80, 39.231537679841686)	(85, 39.1928180991603)	(90, 39.22983152377387)	(95, 39.27826068353212)	(100, 39.25103278600845)	(105, 39.22944483072151)	(110, 39.147174413007434)	(115, 39.128802481681554)	(120, 39.03531529122319)	(125, 38.77304059474782)	(130, 38.68123977108627)	(135, 38.960394180884634)	(140, 39.005158178388925)	(145, 39.070019393276674)	(150, 38.81265748584187)
PID-2861-12_S207_R2_001	(1, 38.745477884152535)	(2, 38.01781034390544)	(3, 38.565470396320265)	(4, 38.23025084238113)	(5, 38.666042680643955)	(6, 38.8315077285126)	(7, 38.81973578648981)	(8, 39.10400599026582)	(9, 38.85841044017757)	(10, 38.92899716532064)	(15, 39.04080440712414)	(20, 39.10185698240359)	(25, 39.150646627801244)	(30, 39.1434652618067)	(35, 39.11204364336525)	(40, 39.09924693801145)	(45, 39.113602182168265)	(50, 39.14338236080655)	(55, 39.113150772851256)	(60, 39.04133176445419)	(65, 39.04195646360379)	(70, 38.96999518639355)	(75, 38.90748569289191)	(80, 38.891428036583406)	(85, 38.91727335936247)	(90, 38.880119270471205)	(95, 38.89607851526982)	(100, 38.85495747980959)	(105, 38.81459859870567)	(110, 38.76068888056908)	(115, 38.668949029256034)	(120, 38.64461090014441)	(125, 38.667012889768415)	(130, 38.58329036743862)	(135, 38.48696100978767)	(140, 38.22786177529806)	(145, 38.40235806881193)	(150, 38.10415538458714)
PID-2861-13_S208_R1_001	(1, 39.262149444470516)	(2, 38.64904879425161)	(3, 39.021501867046226)	(4, 38.793144813148025)	(5, 39.14936478950568)	(6, 39.21552404456461)	(7, 39.16198713533657)	(8, 39.30730347441967)	(9, 39.17588001130815)	(10, 39.235991368254)	(15, 39.417760133951425)	(20, 39.491498035808426)	(25, 39.48383992630052)	(30, 39.45134971997036)	(35, 39.468397964095516)	(40, 39.485560162985884)	(45, 39.50523722565991)	(50, 39.52201695568316)	(55, 39.49894831976755)	(60, 39.4897647008742)	(65, 39.49783933469628)	(70, 39.47451222666957)	(75, 39.45755436046162)	(80, 39.405194547198995)	(85, 39.38066065384275)	(90, 39.40632448946847)	(95, 39.44603925326883)	(100, 39.42966294931087)	(105, 39.40356774468893)	(110, 39.34040274932244)	(115, 39.32510443124674)	(120, 39.259324152188555)	(125, 39.067609886121645)	(130, 39.00779804246671)	(135, 39.21161989318378)	(140, 39.243808738374)	(145, 39.29394234891977)	(150, 39.08108736101025)
PID-2861-13_S208_R2_001	(1, 38.56265929380791)	(2, 38.03989071694357)	(3, 38.50845000780437)	(4, 38.19713082858431)	(5, 38.57866972001401)	(6, 38.86557812941725)	(7, 38.73565223276025)	(8, 39.02607097286152)	(9, 38.79554615877479)	(10, 38.84430831968022)	(15, 38.93309261662627)	(20, 38.99544814021239)	(25, 39.04127192728725)	(30, 39.02732709492847)	(35, 39.00682440596712)	(40, 38.99022805142808)	(45, 39.01013913614865)	(50, 39.0505795429366)	(55, 39.01242783683511)	(60, 38.93911912093286)	(65, 38.9357760112121)	(70, 38.869344312576615)	(75, 38.8031108341074)	(80, 38.79100805214849)	(85, 38.811760917663314)	(90, 38.78364116037387)	(95, 38.79285141237326)	(100, 38.75031353933241)	(105, 38.70794507031031)	(110, 38.65829746778104)	(115, 38.57070598469907)	(120, 38.5516737924779)	(125, 38.57136962930864)	(130, 38.4835065758667)	(135, 38.387531340289236)	(140, 38.135061450695574)	(145, 38.309745422858086)	(150, 38.01177679370906)
PID-2861-14_S209_R1_001	(1, 39.20045274378532)	(2, 38.591330562477886)	(3, 38.977707995407634)	(4, 38.70781902800757)	(5, 39.10216492469239)	(6, 39.094893322786625)	(7, 39.13499534163003)	(8, 39.21868368856335)	(9, 39.150001677229604)	(10, 39.17706502132246)	(15, 39.379478717038374)	(20, 39.44678604934518)	(25, 39.44380036422935)	(30, 39.40436014772605)	(35, 39.42078314719692)	(40, 39.43850334850775)	(45, 39.45890711718857)	(50, 39.47763928309796)	(55, 39.45329499871773)	(60, 39.43978799817777)	(65, 39.45141909855943)	(70, 39.42305811979315)	(75, 39.4055673202091)	(80, 39.35001747565041)	(85, 39.31592751338267)	(90, 39.34859475211087)	(95, 39.388269564342316)	(100, 39.37125141888214)	(105, 39.35225003056886)	(110, 39.282790217531264)	(115, 39.26421084182859)	(120, 39.19196487989413)	(125, 38.98499388081714)	(130, 38.91646898802459)	(135, 39.14447612544812)	(140, 39.182071457243424)	(145, 39.234620489779104)	(150, 39.02336990587108)
PID-2861-14_S209_R2_001	(1, 38.48487517624437)	(2, 37.826223863622836)	(3, 38.32399531241377)	(4, 38.132124573794314)	(5, 38.47661671407997)	(6, 38.786936653742984)	(7, 38.649983822849926)	(8, 38.965558360556756)	(9, 38.70249084827781)	(10, 38.737904415225785)	(15, 38.842635393007356)	(20, 38.89390624611126)	(25, 38.94169884963691)	(30, 38.934916349526)	(35, 38.915227621699245)	(40, 38.89563671423146)	(45, 38.92500013526045)	(50, 38.97232008466222)	(55, 38.93215660346937)	(60, 38.85519448829889)	(65, 38.85574808227731)	(70, 38.77204285483956)	(75, 38.711039308851554)	(80, 38.69878406263966)	(85, 38.72242109716787)	(90, 38.68736461781348)	(95, 38.70644348331373)	(100, 38.66067480898519)	(105, 38.61920417078309)	(110, 38.56346301384093)	(115, 38.47039516611606)	(120, 38.450164963647396)	(125, 38.477945945595)	(130, 38.387029280100585)	(135, 38.285644537696)	(140, 38.01761286800415)	(145, 38.20343546693102)	(150, 37.89817419646842)
PID-2861-15_S210_R1_001	(1, 39.240395292027536)	(2, 38.6566098791282)	(3, 39.01395498239269)	(4, 38.81011071983757)	(5, 39.12393325084864)	(6, 39.16222518321119)	(7, 39.16147171726785)	(8, 39.24739855969037)	(9, 39.19022239142159)	(10, 39.196998826179374)	(15, 39.39749214809175)	(20, 39.46245518860442)	(25, 39.45541860981568)	(30, 39.41760968877891)	(35, 39.42767123504965)	(40, 39.44519368040354)	(45, 39.46694267313854)	(50, 39.48356016623838)	(55, 39.46031534532534)	(60, 39.447192347958506)	(65, 39.45782018336981)	(70, 39.43191047238349)	(75, 39.41871926652073)	(80, 39.35952222327971)	(85, 39.33164398337617)	(90, 39.359646743440884)	(95, 39.400310903841884)	(100, 39.38138225310111)	(105, 39.353581739158024)	(110, 39.28410504108372)	(115, 39.2622426318962)	(120, 39.18967751657625)	(125, 38.98780495542654)	(130, 38.92112242631896)	(135, 39.12584467497858)	(140, 39.156906900324046)	(145, 39.20427721168308)	(150, 38.96544745386049)
PID-2861-15_S210_R2_001	(1, 38.83349988896291)	(2, 38.22322419973985)	(3, 38.62262459947337)	(4, 38.308326195234926)	(5, 38.604676247580976)	(6, 38.89108054947496)	(7, 38.76242822245487)	(8, 39.049903239110435)	(9, 38.819144379937185)	(10, 38.854246375432254)	(15, 38.95737286253609)	(20, 39.00998382031027)	(25, 39.050942228990195)	(30, 39.04185860220171)	(35, 39.01585054408172)	(40, 38.999029218616165)	(45, 39.018774785063925)	(50, 39.05859268424225)	(55, 39.01842105263158)	(60, 38.947356524221945)	(65, 38.93871625265696)	(70, 38.86631134799023)	(75, 38.79909266837981)	(80, 38.785146410329624)	(85, 38.81035420830557)	(90, 38.777112084007484)	(95, 38.790089146917936)	(100, 38.74942577963897)	(105, 38.70477459471463)	(110, 38.65001586244092)	(115, 38.5555494749532)	(120, 38.53729735731734)	(125, 38.55848481964405)	(130, 38.467351924114084)	(135, 38.37024919894674)	(140, 38.115681786345014)	(145, 38.29436188070647)	(150, 37.98332575456429)
PID-2861-16_S211_R1_001	(1, 38.767392496709085)	(2, 37.7683057261957)	(3, 38.30452226853883)	(4, 37.891800131636685)	(5, 38.48064940763493)	(6, 38.59693944712593)	(7, 38.57659609477841)	(8, 38.81247257569109)	(9, 38.68753839403247)	(10, 38.72020403685828)	(15, 39.052942079859584)	(20, 39.17235300570426)	(25, 39.18896774901272)	(30, 39.16229047827994)	(35, 39.19226853883282)	(40, 39.201332821412905)	(45, 39.24058358929355)	(50, 39.269684071961386)	(55, 39.2500351031154)	(60, 39.22751096972356)	(65, 39.247633830627464)	(70, 39.21212483545414)	(75, 39.19137889425186)	(80, 39.127140193067135)	(85, 39.08483655111891)	(90, 39.12850592365073)	(95, 39.186996489688454)	(100, 39.16216213251427)	(105, 39.13956998683633)	(110, 39.05178038613427)	(115, 39.038708315050464)	(120, 38.93266893374287)	(125, 38.633150504607286)	(130, 38.52310552874067)	(135, 38.84942189556823)	(140, 38.919787421949515)	(145, 38.99311415651253)	(150, 38.73900267499164)
PID-2861-16_S211_R2_001	(1, 38.87392496709083)	(2, 38.29774023694603)	(3, 38.73010092145678)	(4, 38.3807152259763)	(5, 38.80053751645458)	(6, 38.863788942518646)	(7, 38.90424528301887)	(8, 39.128603554190434)	(9, 38.9576129881527)	(10, 38.99041355857833)	(15, 39.07387231241773)	(20, 39.12419811320755)	(25, 39.17435168933743)	(30, 39.17660761298815)	(35, 39.154258446687145)	(40, 39.14717200526547)	(45, 39.16414874945151)	(50, 39.193183413777966)	(55, 39.161548924967086)	(60, 39.092172553751645)	(65, 39.09016838525669)	(70, 39.02069328652918)	(75, 38.95575691092584)	(80, 38.941619131197896)	(85, 38.97165258885476)	(90, 38.92951513821852)	(95, 38.94673211935059)	(100, 38.91116937253181)	(105, 38.86743856954804)	(110, 38.81546401930672)	(115, 38.724402698552)	(120, 38.69828927161036)	(125, 38.718615620886354)	(130, 38.63301886792453)	(135, 38.540787626151825)	(140, 38.287087131377916)	(145, 38.45629357034112)	(150, 38.167613509664605)
PID-2861-17_S212_R1_001	(1, 38.67731253106956)	(2, 37.68953058337021)	(3, 38.272354512528885)	(4, 37.982132341292605)	(5, 38.489502176917576)	(6, 38.564814238188106)	(7, 38.55747226273784)	(8, 38.79280879725987)	(9, 38.58730777845152)	(10, 38.68926771442775)	(15, 39.04433263956035)	(20, 39.158063335463815)	(25, 39.16831500570861)	(30, 39.145029580950194)	(35, 39.17630202614485)	(40, 39.18777211469652)	(45, 39.23033459523536)	(50, 39.2527739447276)	(55, 39.22972713417133)	(60, 39.212636064176735)	(65, 39.2358821569238)	(70, 39.204241738911925)	(75, 39.17946257176727)	(80, 39.11278432400837)	(85, 39.07111074692582)	(90, 39.113213042931974)	(95, 39.16716563693276)	(100, 39.141481833527266)	(105, 39.114552516429306)	(110, 39.02092747067853)	(115, 39.00785482117592)	(120, 38.89996798811299)	(125, 38.58946754289648)	(130, 38.476583796303885)	(135, 38.80397821443594)	(140, 38.86633367282151)	(145, 38.93626421647661)	(150, 38.677750756608845)
PID-2861-17_S212_R2_001	(1, 38.917585233014854)	(2, 38.34344930813899)	(3, 38.77906444440803)	(4, 38.55675554608674)	(5, 38.83736759588543)	(6, 39.023062761871984)	(7, 38.95441092118848)	(8, 39.20647230097729)	(9, 38.997890274613916)	(10, 39.04714881157235)	(15, 39.14432335283546)	(20, 39.20230398181987)	(25, 39.244810523498145)	(30, 39.238795347897096)	(35, 39.21208891219675)	(40, 39.19534046772317)	(45, 39.21420584845158)	(50, 39.24279060620462)	(55, 39.20979716700263)	(60, 39.14766701082176)	(65, 39.14101815281579)	(70, 39.07630694264628)	(75, 39.01447614677396)	(80, 38.99586598709691)	(85, 39.01699907679029)	(90, 38.98057763428877)	(95, 38.99355151674069)	(100, 38.95823836291429)	(105, 38.923862185002484)	(110, 38.86672413510546)	(115, 38.77895606286567)	(120, 38.75312454590646)	(125, 38.770143944235954)	(130, 38.68377783968928)	(135, 38.605665339211285)	(140, 38.35833336716372)	(145, 38.52288554298623)	(150, 38.2395300791567)
PID-2861-18_S213_R1_001	(1, 39.22608434867916)	(2, 38.56478948411791)	(3, 38.974026462530055)	(4, 38.77661578500592)	(5, 39.123326776156276)	(6, 39.15392286929869)	(7, 39.117007487381244)	(8, 39.27529062527004)	(9, 39.13613614529484)	(10, 39.19243881238849)	(15, 39.376989696590776)	(20, 39.4511994550935)	(25, 39.4413838185136)	(30, 39.401283173470375)	(35, 39.42169276829783)	(40, 39.438035490085454)	(45, 39.458637022126666)	(50, 39.47369840035378)	(55, 39.45005108498406)	(60, 39.43572573717411)	(65, 39.45003563241177)	(70, 39.420674931759606)	(75, 39.40444566438437)	(80, 39.34645948020393)	(85, 39.319370307679016)	(90, 39.34857607596159)	(95, 39.38850104965664)	(100, 39.36842897153982)	(105, 39.342795593983666)	(110, 39.271425042316665)	(115, 39.25112646202175)	(120, 39.17602696067219)	(125, 38.972947222349305)	(130, 38.90863280316778)	(135, 39.114682281897615)	(140, 39.14604474831178)	(145, 39.201137762918776)	(150, 38.97137502998665)
PID-2861-18_S213_R2_001	(1, 38.64410184465082)	(2, 37.95020408578211)	(3, 38.42822940970157)	(4, 38.10384738551626)	(5, 38.60160727084191)	(6, 38.77680284246001)	(7, 38.6899553197005)	(8, 39.000336500094036)	(9, 38.746312477443816)	(10, 38.80868719215578)	(15, 38.93454188714539)	(20, 39.00574734027683)	(25, 39.05798598085711)	(30, 39.04780964870814)	(35, 39.02283463206104)	(40, 39.006222303551546)	(45, 39.026406616140825)	(50, 39.061548205417544)	(55, 39.021216178436546)	(60, 38.944950007878774)	(65, 38.946979174608984)	(70, 38.86655382222425)	(75, 38.80625056549298)	(80, 38.79732792493303)	(85, 38.81464863188822)	(90, 38.780464288800445)	(95, 38.795104381109226)	(100, 38.74469727699244)	(105, 38.70336977903838)	(110, 38.64891166110069)	(115, 38.56025700067605)	(120, 38.53432067137361)	(125, 38.55801881757323)	(130, 38.46544815001194)	(135, 38.364828318871965)	(140, 38.100090874656395)	(145, 38.278769266749975)	(150, 37.98666253576002)
PID-2861-19_S214_R1_001	(1, 39.228938556465366)	(2, 38.57826929430569)	(3, 39.01128860870264)	(4, 38.793206475636)	(5, 39.12268169195189)	(6, 39.056582342908676)	(7, 39.08433149684344)	(8, 39.265192117082925)	(9, 39.129921688737284)	(10, 39.19010188500657)	(15, 39.3867361973051)	(20, 39.452163337470644)	(25, 39.44213378099634)	(30, 39.40897802462742)	(35, 39.422875103804834)	(40, 39.4365946655475)	(45, 39.458202502031455)	(50, 39.47314325514113)	(55, 39.44988882836707)	(60, 39.43710364410791)	(65, 39.44808436542875)	(70, 39.42119958210181)	(75, 39.401235478484494)	(80, 39.34598433774745)	(85, 39.31772870549786)	(90, 39.3467469126432)	(95, 39.38699193670807)	(100, 39.362561680165015)	(105, 39.34010804632598)	(110, 39.26576324460437)	(115, 39.24748323496058)	(120, 39.17189188223843)	(125, 38.965509826857996)	(130, 38.900820616310526)	(135, 39.10612435149881)	(140, 39.14304287218927)	(145, 39.191479951600215)	(150, 38.961380904793415)
PID-2861-19_S214_R2_001	(1, 38.629385028886766)	(2, 37.97098286438847)	(3, 38.49811320754717)	(4, 38.01402994937003)	(5, 38.5428747466269)	(6, 38.65052460509514)	(7, 38.671626677620125)	(8, 38.9658591468805)	(9, 38.7382010733197)	(10, 38.78867388761396)	(15, 38.9033308628526)	(20, 38.967885060139835)	(25, 39.017732098688256)	(30, 39.003584280598986)	(35, 38.98123744296315)	(40, 38.963176740572735)	(45, 38.98453026636544)	(50, 39.022649010170646)	(55, 38.98601469787211)	(60, 38.911707757011854)	(65, 38.913105751457735)	(70, 38.8395245961657)	(75, 38.771372188339924)	(80, 38.761168329032316)	(85, 38.790221539615494)	(90, 38.75633249694166)	(95, 38.77392243881095)	(100, 38.72945950048666)	(105, 38.688336890230296)	(110, 38.63451160381823)	(115, 38.539672646420634)	(120, 38.521146898356086)	(125, 38.5413774567145)	(130, 38.44837403673576)	(135, 38.356711462732946)	(140, 38.09619480966533)	(145, 38.274808361221496)	(150, 37.99898350438136)
PID-2861-1_S196_R1_001	(1, 39.17419407046257)	(2, 38.49041381333387)	(3, 38.92492287150646)	(4, 38.66300361113078)	(5, 39.041510808104306)	(6, 39.096569931520015)	(7, 39.04614762140783)	(8, 39.17448134249097)	(9, 39.08435884727041)	(10, 39.14594349642427)	(15, 39.343764679701806)	(20, 39.42454233722095)	(25, 39.415024327085504)	(30, 39.38123628124337)	(35, 39.39468101678114)	(40, 39.41389951548133)	(45, 39.433439677931645)	(50, 39.45305024225934)	(55, 39.42964930559068)	(60, 39.41609937184532)	(65, 39.42934989530755)	(70, 39.40183409028838)	(75, 39.38150817814912)	(80, 39.32739907546961)	(85, 39.29528287191107)	(90, 39.323019593166165)	(95, 39.36881399136162)	(100, 39.3442178412114)	(105, 39.323267213562474)	(110, 39.2498242987629)	(115, 39.23357077108263)	(120, 39.15717219125843)	(125, 38.9443311315888)	(130, 38.873828102082726)	(135, 39.09461971859479)	(140, 39.12741718189136)	(145, 39.18312735621093)	(150, 38.956805607402245)
PID-2861-1_S196_R2_001	(1, 38.63809995852763)	(2, 38.03720375072071)	(3, 38.46984554070867)	(4, 38.05484468091563)	(5, 38.5534194475071)	(6, 38.8130081629763)	(7, 38.670743771558044)	(8, 39.012156462103356)	(9, 38.71839451350887)	(10, 38.79264178998797)	(15, 38.92139387625049)	(20, 38.98780631391549)	(25, 39.034269125337595)	(30, 39.02405316555568)	(35, 38.99668099655071)	(40, 38.97387240671245)	(45, 39.00390002124195)	(50, 39.041370004349545)	(55, 39.00025773560858)	(60, 38.918106432263485)	(65, 38.917724886456746)	(70, 38.839624927929115)	(75, 38.77776433578459)	(80, 38.763877363166465)	(85, 38.78662445251414)	(90, 38.750151020119155)	(95, 38.764859752581906)	(100, 38.72201252263278)	(105, 38.68022941301423)	(110, 38.6261599619668)	(115, 38.53255904755161)	(120, 38.50688866185857)	(125, 38.53561829234987)	(130, 38.44035646008032)	(135, 38.34838166718929)	(140, 38.07931339437659)	(145, 38.26797949367115)	(150, 37.97377895405059)
PID-2861-20_S215_R1_001	(1, 39.14299113479617)	(2, 38.493903366774454)	(3, 38.88301705824687)	(4, 38.618742308188615)	(5, 38.983731397612964)	(6, 39.028991508432824)	(7, 38.972337405459335)	(8, 39.16967919248258)	(9, 39.01514769240843)	(10, 39.08204791408668)	(15, 39.30743248058148)	(20, 39.38774664352944)	(25, 39.384198250841166)	(30, 39.348033303737715)	(35, 39.367051409708004)	(40, 39.38281618039331)	(45, 39.40918414316833)	(50, 39.427701113783925)	(55, 39.400976462816416)	(60, 39.38757831443643)	(65, 39.40000577788649)	(70, 39.37239210278475)	(75, 39.35412319609569)	(80, 39.295905211846204)	(85, 39.27012659349295)	(90, 39.29947247896368)	(95, 39.34309205521348)	(100, 39.31841816875665)	(105, 39.2935863534025)	(110, 39.21779434961221)	(115, 39.20170486170629)	(120, 39.125485679508344)	(125, 38.89865625619918)	(130, 38.823710905375556)	(135, 39.057565083076376)	(140, 39.09432789639061)	(145, 39.15509829163032)	(150, 38.916185001060605)
PID-2861-20_S215_R2_001	(1, 38.48972980676822)	(2, 37.80126766829539)	(3, 38.31305744567342)	(4, 38.02063861053386)	(5, 38.387615292909956)	(6, 38.72005176986293)	(7, 38.563363192166726)	(8, 38.907428628657165)	(9, 38.64903769300548)	(10, 38.697555761419515)	(15, 38.80945493344838)	(20, 38.877238016181934)	(25, 38.929694292025935)	(30, 38.9231675914495)	(35, 38.89919321445011)	(40, 38.877262668497615)	(45, 38.91190687587751)	(50, 38.95533655225809)	(55, 38.90661125031538)	(60, 38.82710213955137)	(65, 38.82640648201826)	(70, 38.74847897138212)	(75, 38.67515065839016)	(80, 38.659726012622755)	(85, 38.69339722391814)	(90, 38.65093283977343)	(95, 38.67101985474393)	(100, 38.622426288613134)	(105, 38.57963449090079)	(110, 38.51984029921748)	(115, 38.42173833492867)	(120, 38.40152921395706)	(125, 38.426102950381434)	(130, 38.331248543491114)	(135, 38.22816411508779)	(140, 37.94308266816989)	(145, 38.13748670286522)	(150, 37.83915693472281)
PID-2861-21_S216_R1_001	(1, 39.260577392209434)	(2, 38.573386800737886)	(3, 38.97647589087817)	(4, 38.70535525930607)	(5, 39.12958658792151)	(6, 39.18106398895957)	(7, 39.12033418676728)	(8, 39.228995069908784)	(9, 39.18902276391787)	(10, 39.20894014655521)	(15, 39.39605648462657)	(20, 39.474525321896394)	(25, 39.467982101120306)	(30, 39.4332597614412)	(35, 39.44832976316046)	(40, 39.464045091051034)	(45, 39.48361341765447)	(50, 39.49907671147582)	(55, 39.478009191065425)	(60, 39.46515173621921)	(65, 39.47847013833064)	(70, 39.44988694710723)	(75, 39.43659419448072)	(80, 39.3789137071405)	(85, 39.35466862445343)	(90, 39.38047498013559)	(95, 39.41857970623904)	(100, 39.396760544401026)	(105, 39.37187608324931)	(110, 39.30165002393022)	(115, 39.28000594770665)	(120, 39.21414773545715)	(125, 39.014415568122146)	(130, 38.95190108220381)	(135, 39.15334901155528)	(140, 39.184575596827855)	(145, 39.23264116944692)	(150, 39.00626266592196)
PID-2861-21_S216_R2_001	(1, 38.49097017318049)	(2, 37.73467094777635)	(3, 38.24358089113373)	(4, 37.97497688293705)	(5, 38.36206106621935)	(6, 38.60857492019386)	(7, 38.476245881910145)	(8, 38.861709315130874)	(9, 38.59323727167544)	(10, 38.598538165225435)	(15, 38.72098434545023)	(20, 38.80307607953199)	(25, 38.891259008684585)	(30, 38.88438680538454)	(35, 38.86355830843506)	(40, 38.844783628937456)	(45, 38.88105125715003)	(50, 38.93576941484788)	(55, 38.89771747464093)	(60, 38.80941670655038)	(65, 38.809461686081896)	(70, 38.72774614444563)	(75, 38.6454700314578)	(80, 38.64035649066721)	(85, 38.67952734318732)	(90, 38.64408198541882)	(95, 38.66766984652129)	(100, 38.62172604305582)	(105, 38.58045044584567)	(110, 38.516834519002465)	(115, 38.41960512803833)	(120, 38.4097795166559)	(125, 38.43651445803846)	(130, 38.34477926109038)	(135, 38.23499091580742)	(140, 37.9629373754329)	(145, 38.14961742108512)	(150, 37.84542653789836)
PID-2861-22_S217_R1_001	(1, 39.1842654135809)	(2, 38.533790289645246)	(3, 38.9212585045843)	(4, 38.6733375133773)	(5, 39.06388610936943)	(6, 39.02694935952916)	(7, 39.05125058502398)	(8, 39.23611716974589)	(9, 39.07881105240722)	(10, 39.14191553992622)	(15, 39.35638081061718)	(20, 39.426078505995314)	(25, 39.420907440511385)	(30, 39.382015543006595)	(35, 39.39943658836868)	(40, 39.410708398211796)	(45, 39.43689521437962)	(50, 39.45182890172491)	(55, 39.428462522196135)	(60, 39.41492991139433)	(65, 39.42868907925423)	(70, 39.395167378963386)	(75, 39.3757709150421)	(80, 39.321195307089155)	(85, 39.2883031969387)	(90, 39.32063845368846)	(95, 39.359034310476574)	(100, 39.341472561257355)	(105, 39.311925943664804)	(110, 39.23512667818663)	(115, 39.21354175257783)	(120, 39.13309770074396)	(125, 38.90830977504275)	(130, 38.83336708503541)	(135, 39.0494603867965)	(140, 39.09233776263677)	(145, 39.146806014031604)	(150, 38.89888604218612)
PID-2861-22_S217_R2_001	(1, 38.61613384355043)	(2, 37.83748505766771)	(3, 38.321532161662375)	(4, 37.90627493493937)	(5, 38.41353221333328)	(6, 38.63628549766537)	(7, 38.57378754711244)	(8, 38.9305234958549)	(9, 38.64043109436002)	(10, 38.71069240010374)	(15, 38.836198650793094)	(20, 38.89999314366798)	(25, 38.95758712758441)	(30, 38.948642098474814)	(35, 38.92452927305988)	(40, 38.91034004425812)	(45, 38.93127471136333)	(50, 38.97074651544314)	(55, 38.930281834992925)	(60, 38.84978293250289)	(65, 38.846899695837216)	(70, 38.77104799531782)	(75, 38.70425182015742)	(80, 38.689307401162)	(85, 38.72095821711519)	(90, 38.68247610965759)	(95, 38.700776355392506)	(100, 38.65306741364251)	(105, 38.61119966930619)	(110, 38.54877564789853)	(115, 38.45241218678238)	(120, 38.43227046938051)	(125, 38.46055909909784)	(130, 38.363020323559255)	(135, 38.26117060442044)	(140, 37.98080583246266)	(145, 38.174974002583916)	(150, 37.876229608383845)
PID-2861-23_S218_R1_001	(1, 39.24020671539516)	(2, 38.59212730318258)	(3, 39.01936529237094)	(4, 38.69936805238313)	(5, 39.12342013095782)	(6, 39.09592945789554)	(7, 39.12949215775849)	(8, 39.25792313841937)	(9, 39.15622620679153)	(10, 39.21135982945028)	(15, 39.41086873762753)	(20, 39.480238312775995)	(25, 39.47383032587179)	(30, 39.43744194457135)	(35, 39.453657016141314)	(40, 39.47038221410081)	(45, 39.49279446474799)	(50, 39.5107964062738)	(55, 39.4846495736257)	(60, 39.47504948987361)	(65, 39.48410423328765)	(70, 39.4554105756053)	(75, 39.44058074463225)	(80, 39.38444875894625)	(85, 39.357205535252014)	(90, 39.38466004263743)	(95, 39.42526933911984)	(100, 39.40463682046597)	(105, 39.382921234962694)	(110, 39.31474274783007)	(115, 39.29289058931018)	(120, 39.223247868128524)	(125, 39.02291952185168)	(130, 38.9604238046292)	(135, 39.159835160651745)	(140, 39.190177453330726)	(145, 39.246575727168164)	(150, 39.01779715260062)
PID-2861-23_S218_R2_001	(1, 38.63571170245165)	(2, 37.971985876351454)	(3, 38.443914649002586)	(4, 38.19645576366682)	(5, 38.53405283995736)	(6, 38.49113940916705)	(7, 38.63750571037003)	(8, 38.95468821379625)	(9, 38.72249980965433)	(10, 38.76231060606061)	(15, 38.878979176183954)	(20, 38.93851359068068)	(25, 38.99053886858535)	(30, 38.9840723503883)	(35, 38.9598513400335)	(40, 38.94386991777067)	(45, 38.96603186386478)	(50, 39.01015398964519)	(55, 38.971137886401706)	(60, 38.89548642835389)	(65, 38.893895138571644)	(70, 38.81975407339729)	(75, 38.747758679762455)	(80, 38.7367319552307)	(85, 38.7647793893711)	(90, 38.736490692096844)	(95, 38.747827204202835)	(100, 38.70724265265723)	(105, 38.667458980508606)	(110, 38.60961150449216)	(115, 38.51075548195523)	(120, 38.49528085503274)	(125, 38.5206320427897)	(130, 38.43379730089843)	(135, 38.338012981574536)	(140, 38.06372875798612)	(145, 38.25324007502469)	(150, 37.964769845825934)
PID-2861-24_S219_R1_001	(1, 39.120621540334604)	(2, 38.388347150499634)	(3, 38.82251536052744)	(4, 38.499041998338846)	(5, 38.92672860746694)	(6, 38.90735190181644)	(7, 38.970698665401024)	(8, 39.14015301200468)	(9, 38.97579149921843)	(10, 39.052839388983756)	(15, 39.287950846312185)	(20, 39.3742838718331)	(25, 39.36329589715282)	(30, 39.33233031195671)	(35, 39.353178739276004)	(40, 39.36449275437085)	(45, 39.390437317182645)	(50, 39.40893082474812)	(55, 39.38451823917541)	(60, 39.372377567181346)	(65, 39.38483107288963)	(70, 39.355079678705735)	(75, 39.33826672375813)	(80, 39.27776600409614)	(85, 39.24801130823716)	(90, 39.278041693965676)	(95, 39.318733188541124)	(100, 39.29956944093355)	(105, 39.272621994314925)	(110, 39.196990523160736)	(115, 39.18016436151278)	(120, 39.09242771137169)	(125, 38.856797478345655)	(130, 38.77646772354662)	(135, 39.0134825965611)	(140, 39.06072019917279)	(145, 39.12114644208185)	(150, 38.87781669647646)
PID-2861-24_S219_R2_001	(1, 38.651661929106844)	(2, 37.95989083836753)	(3, 38.412517475663044)	(4, 38.147644719125466)	(5, 38.50329703210363)	(6, 38.642867092101255)	(7, 38.661195515912524)	(8, 39.02203558586677)	(9, 38.739907449920295)	(10, 38.795989702900826)	(15, 38.88357406327866)	(20, 38.944691370762634)	(25, 39.00034688223853)	(30, 38.996327092823506)	(35, 38.97739281163428)	(40, 38.954992597025395)	(45, 38.9806003889786)	(50, 39.01735958852874)	(55, 38.977931810091775)	(60, 38.9022343054359)	(65, 38.90201391862403)	(70, 38.8260498037051)	(75, 38.76092508808766)	(80, 38.74786778854834)	(85, 38.774759932109305)	(90, 38.74156489081257)	(95, 38.756495890962185)	(100, 38.70864719022291)	(105, 38.66679763311168)	(110, 38.60578432839285)	(115, 38.517639508669475)	(120, 38.486823736980305)	(125, 38.51445669388829)	(130, 38.42287111601777)	(135, 38.31799175613003)	(140, 38.04238102525038)	(145, 38.22792566060984)	(150, 37.941661894514795)
PID-2861-25_S220_R1_001	(1, 39.20610493580634)	(2, 38.57875253662779)	(3, 39.0051006237925)	(4, 38.70562143072903)	(5, 39.09741258897203)	(6, 39.15463039736616)	(7, 39.09863300849631)	(8, 39.21231042445056)	(9, 39.08524893922838)	(10, 39.17568405325246)	(15, 39.37271004089014)	(20, 39.45731633395705)	(25, 39.45127343276441)	(30, 39.41231042445055)	(35, 39.43149777101119)	(40, 39.44566355750264)	(45, 39.46725160306767)	(50, 39.48502026261319)	(55, 39.46087055241215)	(60, 39.44774151433385)	(65, 39.455761008609834)	(70, 39.429045579222866)	(75, 39.41066954810013)	(80, 39.354607286431644)	(85, 39.32650601188389)	(90, 39.35536062180577)	(95, 39.3956012187977)	(100, 39.37442187186406)	(105, 39.351730988722274)	(110, 39.28110275648576)	(115, 39.25857446079554)	(120, 39.185910844501926)	(125, 38.982991568563456)	(130, 38.91659507007276)	(135, 39.12200911057366)	(140, 39.1558469344)	(145, 39.2076010526716)	(150, 38.970632089761416)
PID-2861-25_S220_R2_001	(1, 38.53647777194373)	(2, 37.86969082029626)	(3, 38.301096958479384)	(4, 38.033543291443074)	(5, 38.46843431527775)	(6, 38.6119288913036)	(7, 38.58449580658175)	(8, 38.95036622722103)	(9, 38.64294619814991)	(10, 38.71130834243918)	(15, 38.815007511053714)	(20, 38.88357724829861)	(25, 38.93091979492087)	(30, 38.921377006241975)	(35, 38.90097694380191)	(40, 38.883458855441106)	(45, 38.91073056907636)	(50, 38.955017606883004)	(55, 38.91170203923588)	(60, 38.8320431079747)	(65, 38.829455088764234)	(70, 38.75704123274535)	(75, 38.68635583135505)	(80, 38.67558045950214)	(85, 38.70333263730227)	(90, 38.67462926209219)	(95, 38.692297368799835)	(100, 38.642589397757426)	(105, 38.602511793672065)	(110, 38.5401803869257)	(115, 38.444630863639404)	(120, 38.426429178163005)	(125, 38.452836461756476)	(130, 38.362748822660066)	(135, 38.265773314168825)	(140, 37.98851582880906)	(145, 38.17699592710482)	(150, 37.87160481994763)
PID-2861-26_S221_R1_001	(1, 39.24893030315807)	(2, 38.57724332757094)	(3, 39.001276721339124)	(4, 38.80433781675591)	(5, 39.12224648985959)	(6, 39.177386684656575)	(7, 39.106976430408565)	(8, 39.24136442214445)	(9, 39.13218029261711)	(10, 39.19888957288021)	(15, 39.38920032044525)	(20, 39.46185166758022)	(25, 39.45329814057427)	(30, 39.418842518025045)	(35, 39.4326074967323)	(40, 39.44989197621959)	(45, 39.47185900408989)	(50, 39.490084580680524)	(55, 39.46450023190117)	(60, 39.45248825736813)	(65, 39.465072985622136)	(70, 39.4347028713581)	(75, 39.4191427246279)	(80, 39.36437357169963)	(85, 39.33572711557112)	(90, 39.36450107517815)	(95, 39.40914685668507)	(100, 39.38888392292448)	(105, 39.3634911666737)	(110, 39.29770341948813)	(115, 39.28190614327276)	(120, 39.20680726904752)	(125, 39.00988691655774)	(130, 38.95034009360374)	(135, 39.1606041236244)	(140, 39.191716214099536)	(145, 39.24969696438491)	(150, 39.02206173683781)
PID-2861-26_S221_R2_001	(1, 38.6615170552768)	(2, 38.00406796812413)	(3, 38.509049205211454)	(4, 38.11269553484842)	(5, 38.566847409031496)	(6, 38.82074124046043)	(7, 38.688856094784335)	(8, 39.02266897162373)	(9, 38.74875237171649)	(10, 38.79537951680229)	(15, 38.922252224143016)	(20, 38.983677868195805)	(25, 39.027446641649455)	(30, 39.01915149470843)	(35, 38.99898705569844)	(40, 38.98191710587342)	(45, 39.00778884344563)	(50, 39.046796812413035)	(55, 39.00630130286292)	(60, 38.93107661171312)	(65, 38.926599485601045)	(70, 38.85039625585024)	(75, 38.78942733060674)	(80, 38.772165788253155)	(85, 38.79395673989122)	(90, 38.7624664164945)	(95, 38.7735730488679)	(100, 38.72951553737825)	(105, 38.691155205127124)	(110, 38.6359738584138)	(115, 38.54227195682422)	(120, 38.524718640637516)	(125, 38.55152068136779)	(130, 38.45905131340389)	(135, 38.36586246152549)	(140, 38.10405200377593)	(145, 38.29286218089832)	(150, 37.99434452935067)
PID-2861-27_S222_R1_001	(1, 39.09517915784381)	(2, 38.31333320078337)	(3, 38.759236247112895)	(4, 38.47579140612314)	(5, 38.88406517481683)	(6, 38.94021996666368)	(7, 38.8650740788606)	(8, 39.09253644295546)	(9, 38.9908308563059)	(10, 38.98956632965839)	(15, 39.24303698475344)	(20, 39.33767434462328)	(25, 39.334452717771306)	(30, 39.300176954200666)	(35, 39.32295732222565)	(40, 39.33504190235708)	(45, 39.36540048314462)	(50, 39.388014832340865)	(55, 39.364798043562544)	(60, 39.3469183790465)	(65, 39.3640226262787)	(70, 39.33141069611927)	(75, 39.31778721091682)	(80, 39.25486574345617)	(85, 39.21887644023819)	(90, 39.25409529679594)	(95, 39.29907248163355)	(100, 39.27452091472729)	(105, 39.249923949458704)	(110, 39.17050630772137)	(115, 39.15270783005769)	(120, 39.06555059597777)	(125, 38.81330138879224)	(130, 38.73841794991599)	(135, 38.99511487111173)	(140, 39.0406133917214)	(145, 39.10126418095306)	(150, 38.849960699197396)
PID-2861-27_S222_R2_001	(1, 38.805042200594485)	(2, 38.26362862151352)	(3, 38.741600474528866)	(4, 38.419626673029065)	(5, 38.75893800969603)	(6, 39.03009546911089)	(7, 38.897784095992684)	(8, 39.18850592995397)	(9, 38.925059564639646)	(10, 38.97626759186541)	(15, 39.0448900332369)	(20, 39.09551749162449)	(25, 39.136652384408144)	(30, 39.137155411517924)	(35, 39.12210303771378)	(40, 39.10935968426598)	(45, 39.13470058620221)	(50, 39.16657089931836)	(55, 39.132870071212466)	(60, 39.063813528711975)	(65, 39.0598920380551)	(70, 38.989766480102595)	(75, 38.931553187329555)	(80, 38.91283580704702)	(85, 38.934031208888804)	(90, 38.90102295433985)	(95, 38.9117581758474)	(100, 38.86578719766182)	(105, 38.826965964483236)	(110, 38.775517359074534)	(115, 38.689447366066545)	(120, 38.66045206164899)	(125, 38.68385773412466)	(130, 38.59788715358896)	(135, 38.5053818598748)	(140, 38.256341442549235)	(145, 38.42902321091688)	(150, 38.1408763238328)
PID-2861-28_S223_R1_001	(1, 39.271042773457125)	(2, 38.576136589646694)	(3, 38.98053142345128)	(4, 38.76978690161551)	(5, 39.11871218287955)	(6, 39.179194970771505)	(7, 39.12291960984932)	(8, 39.286484358500665)	(9, 39.14611376866123)	(10, 39.20488077931717)	(15, 39.39310449468843)	(20, 39.46011412543135)	(25, 39.45591490007361)	(30, 39.41975727329206)	(35, 39.44016985538508)	(40, 39.45369308337554)	(45, 39.474050304587365)	(50, 39.491369648704456)	(55, 39.465374639385374)	(60, 39.45318827415529)	(65, 39.46746523029101)	(70, 39.43475146039954)	(75, 39.41934309188471)	(80, 39.3652624823409)	(85, 39.33739094419008)	(90, 39.36401214658741)	(95, 39.403545966959804)	(100, 39.38700659614648)	(105, 39.3619293472132)	(110, 39.29205899419531)	(115, 39.27587311286034)	(120, 39.200797606769605)	(125, 39.00503291922028)	(130, 38.94006220922722)	(135, 39.14154219011747)	(140, 39.17817622423113)	(145, 39.2330687223738)	(150, 39.00078717182153)
PID-2861-28_S223_R2_001	(1, 38.607153035929215)	(2, 38.03249068604434)	(3, 38.50359128086625)	(4, 38.17143009458509)	(5, 38.59146745292787)	(6, 38.677916544496824)	(7, 38.7198595884021)	(8, 39.05669159273255)	(9, 38.78297509375468)	(10, 38.82461877882098)	(15, 38.90910932543791)	(20, 38.960522770750586)	(25, 39.0113653838662)	(30, 39.00127494058957)	(35, 38.98402941098073)	(40, 38.97172535261806)	(45, 38.99445858083406)	(50, 39.03126659544934)	(55, 38.99557974119814)	(60, 38.92287204049956)	(65, 38.92186857326807)	(70, 38.84959924873234)	(75, 38.7865263917623)	(80, 38.76897822266966)	(85, 38.7971589615939)	(90, 38.76305583862508)	(95, 38.779650160238994)	(100, 38.7307660920754)	(105, 38.68994502869539)	(110, 38.62344307773693)	(115, 38.53227805925255)	(120, 38.50950833386302)	(125, 38.52794432745756)	(130, 38.42999739598819)	(135, 38.32434422985838)	(140, 38.0490947815356)	(145, 38.23120119381847)	(150, 37.9103063583524)
PID-2861-29_S224_R1_001	(1, 39.21496563653685)	(2, 38.59647087743226)	(3, 38.98821095892583)	(4, 38.77134788376121)	(5, 39.1114232602187)	(6, 39.06172509456041)	(7, 39.10370663219936)	(8, 39.267015493294394)	(9, 39.10279133046131)	(10, 39.188341230831625)	(15, 39.38584975231346)	(20, 39.45690163564874)	(25, 39.44654150746118)	(30, 39.411064502718155)	(35, 39.43265203014605)	(40, 39.4487155756489)	(45, 39.46603562200304)	(50, 39.487369402414444)	(55, 39.46259916240828)	(60, 39.4514623871024)	(65, 39.46338487192006)	(70, 39.43295426096748)	(75, 39.41487387980321)	(80, 39.36343301588524)	(85, 39.33543475133358)	(90, 39.35779937899949)	(95, 39.39865310177408)	(100, 39.37984229169805)	(105, 39.35427909226536)	(110, 39.28521776365052)	(115, 39.26106603199705)	(120, 39.192503588141406)	(125, 38.98355923236996)	(130, 38.91845227913531)	(135, 39.13273121280879)	(140, 39.167980563681155)	(145, 39.22072900363148)	(150, 38.978514164658584)
PID-2861-29_S224_R2_001	(1, 38.528090587684886)	(2, 37.82432776864616)	(3, 38.32891277333028)	(4, 38.09044042099349)	(5, 38.36906823868985)	(6, 38.623069002196495)	(7, 38.561458320353346)	(8, 38.839488020082264)	(9, 38.658126871242644)	(10, 38.68474493327247)	(15, 38.803746846570284)	(20, 38.86098673605439)	(25, 38.915087412448784)	(30, 38.9192443323225)	(35, 38.89898716425249)	(40, 38.888955094707676)	(45, 38.914522825337095)	(50, 38.96076096917767)	(55, 38.91358758633346)	(60, 38.83770997848815)	(65, 38.83613312202853)	(70, 38.762299990144655)	(75, 38.68692806385363)	(80, 38.677789999422274)	(85, 38.705380456268855)	(90, 38.669701360151976)	(95, 38.68683743991916)	(100, 38.640838543265566)	(105, 38.598189107229636)	(110, 38.53377361461493)	(115, 38.440261042243215)	(120, 38.41942569347134)	(125, 38.445525839715714)	(130, 38.345985416343346)	(135, 38.24210546586933)	(140, 37.95749676783039)	(145, 38.147068026192514)	(150, 37.85603461784163)
PID-2861-2_S197_R1_001	(1, 39.224521119392264)	(2, 38.59664576516582)	(3, 39.005947544606585)	(4, 38.765091383346665)	(5, 39.14155743264849)	(6, 39.18645389840424)	(7, 39.17214540399375)	(8, 39.25767765838889)	(9, 39.139934517250815)	(10, 39.21209009067569)	(15, 39.4029919095361)	(20, 39.47490257789836)	(25, 39.467666975244256)	(30, 39.43055295495361)	(35, 39.44576810132527)	(40, 39.46314965104174)	(45, 39.48519697768701)	(50, 39.500258639036566)	(55, 39.477105046029784)	(60, 39.463679719533374)	(65, 39.477879180868044)	(70, 39.44766779299232)	(75, 39.42810474304363)	(80, 39.37856682312214)	(85, 39.34841246793222)	(90, 39.37688016531091)	(95, 39.416596721249604)	(100, 39.39109891711284)	(105, 39.368773556124246)	(110, 39.29475351710299)	(115, 39.27565427708449)	(120, 39.207648250910275)	(125, 39.00676655074913)	(130, 38.93834577952883)	(135, 39.14049058593746)	(140, 39.17147061843498)	(145, 39.22571135932461)	(150, 38.9927718923526)
PID-2861-2_S197_R2_001	(1, 38.71705392629154)	(2, 38.10004413742781)	(3, 38.54789330274816)	(4, 38.15338647297919)	(5, 38.60493856929733)	(6, 38.87532801657303)	(7, 38.70275381904074)	(8, 39.04518896794952)	(9, 38.77390209458829)	(10, 38.82365388708157)	(15, 38.94051973131734)	(20, 38.99882139438627)	(25, 39.04652755863411)	(30, 39.03576389726148)	(35, 39.01229452769282)	(40, 38.997986033282345)	(45, 39.02264679888326)	(50, 39.06127805635962)	(55, 39.027180058689154)	(60, 38.946032192015636)	(65, 38.942202195548724)	(70, 38.871402825843774)	(75, 38.80295857057638)	(80, 38.78875156079799)	(85, 38.813793103448276)	(90, 38.782615514777646)	(95, 38.794542055839614)	(100, 38.748792615944616)	(105, 38.71107639758911)	(110, 38.65487991159934)	(115, 38.568798298245305)	(120, 38.542629940692294)	(125, 38.56714351164085)	(130, 38.47997827725643)	(135, 38.385536343135485)	(140, 38.12789430803408)	(145, 38.30699819918042)	(150, 38.01620512117371)
PID-2861-30_S225_R1_001	(1, 38.9010217589677)	(2, 37.98309663654941)	(3, 38.459992031565285)	(4, 38.227095248499495)	(5, 38.661709100723584)	(6, 38.75600395851273)	(7, 38.77786831519015)	(8, 38.841430719601064)	(9, 38.740211034996854)	(10, 38.83638233063863)	(15, 39.130564602156625)	(20, 39.23873070546351)	(25, 39.249650031488166)	(30, 39.21940236739625)	(35, 39.25385839320369)	(40, 39.26053337103345)	(45, 39.29461256699268)	(50, 39.31974758055188)	(55, 39.295075250298815)	(60, 39.27913015538448)	(65, 39.29966404051049)	(70, 39.263710463068875)	(75, 39.24761833768169)	(80, 39.183175806804016)	(85, 39.14509182978395)	(90, 39.18483118485483)	(95, 39.23557931805622)	(100, 39.215772359813386)	(105, 39.1926998856144)	(110, 39.11287930391867)	(115, 39.09916434253988)	(120, 39.00266814039868)	(125, 38.72386751834667)	(130, 38.62985284100402)	(135, 38.93049828421608)	(140, 38.99091414844515)	(145, 39.05975731567524)	(150, 38.808266573869)
PID-2861-30_S225_R2_001	(1, 38.66348272006375)	(2, 38.09665968357603)	(3, 38.57176089554925)	(4, 38.32490649941522)	(5, 38.70437878339995)	(6, 38.82347346639762)	(7, 38.84989268317761)	(8, 39.16020409474726)	(9, 38.91814875268292)	(10, 38.94986517922552)	(15, 39.04293444034599)	(20, 39.09545208014703)	(25, 39.14635958204275)	(30, 39.14001053889753)	(35, 39.11803822278201)	(40, 39.10325086431812)	(45, 39.12541750742221)	(50, 39.154495610934745)	(55, 39.12695978510931)	(60, 39.0553801071883)	(65, 39.05422596938579)	(70, 38.9865323171437)	(75, 38.92585397200766)	(80, 38.91090210392381)	(85, 38.93047720642102)	(90, 38.899299548883775)	(95, 38.911136530132254)	(100, 38.8707956867634)	(105, 38.837366303802995)	(110, 38.77845849345174)	(115, 38.68879201100158)	(120, 38.665917976531674)	(125, 38.6786803243924)	(130, 38.5979672780084)	(135, 38.50385492307889)	(140, 38.24693544469041)	(145, 38.42552267670233)	(150, 38.12588237464142)
PID-2861-31_S226_R1_001	(1, 39.23484287567342)	(2, 38.63608320630202)	(3, 39.03754887944176)	(4, 38.73936203452096)	(5, 39.15759016067489)	(6, 39.250431275268184)	(7, 39.19381160229887)	(8, 39.30052169631783)	(9, 39.15114422867531)	(10, 39.257171099349534)	(15, 39.45419847183692)	(20, 39.52693221735137)	(25, 39.526014183322765)	(30, 39.49514794019902)	(35, 39.50722326898132)	(40, 39.52345550432222)	(45, 39.54577160873723)	(50, 39.56293551227549)	(55, 39.54165863450012)	(60, 39.52685116979274)	(65, 39.5406042587841)	(70, 39.515190168249426)	(75, 39.49620231591505)	(80, 39.44289877576527)	(85, 39.41862086595908)	(90, 39.43822831551739)	(95, 39.47620099037087)	(100, 39.45795695768673)	(105, 39.43728452805893)	(110, 39.37392503100826)	(115, 39.35438953956276)	(120, 39.28801234649725)	(125, 39.102694452597596)	(130, 39.04287377978924)	(135, 39.2273940748175)	(140, 39.25202107107256)	(145, 39.307989975042126)	(150, 39.08514910879561)
PID-2861-31_S226_R2_001	(1, 38.53152428112899)	(2, 37.83062196426712)	(3, 38.28150771182669)	(4, 37.94249789333156)	(5, 38.4434627001335)	(6, 38.65370158213167)	(7, 38.617321075205695)	(8, 38.9949496766619)	(9, 38.67217588077677)	(10, 38.7600799113779)	(15, 38.85826410521033)	(20, 38.92066315081853)	(25, 38.975975458496265)	(30, 38.9730047246182)	(35, 38.954207750646205)	(40, 38.93843604722724)	(45, 38.96666483615327)	(50, 39.01158639234214)	(55, 38.96842667373623)	(60, 38.895033185945444)	(65, 38.89242224263139)	(70, 38.81940066466573)	(75, 38.755260990181505)	(80, 38.73981953662762)	(85, 38.76545631858508)	(90, 38.73269492600623)	(95, 38.74311143092495)	(100, 38.70209227681149)	(105, 38.66116401715633)	(110, 38.606188018974215)	(115, 38.51503072422054)	(120, 38.49748733631897)	(125, 38.521889468551464)	(130, 38.4279606502741)	(135, 38.3299491559124)	(140, 38.06610433397393)	(145, 38.25310160777055)	(150, 37.95321732416044)
PID-2861-32_S227_R1_001	(1, 39.19263438672871)	(2, 38.5681767935564)	(3, 38.97073194342878)	(4, 38.685874332988405)	(5, 39.07411268980151)	(6, 39.03412927760633)	(7, 39.09337966057793)	(8, 39.20778841914819)	(9, 39.11821950584563)	(10, 39.170264397573575)	(15, 39.36574827613724)	(20, 39.44155611400584)	(25, 39.43119423037426)	(30, 39.399897176541074)	(35, 39.414230191112964)	(40, 39.43089387075379)	(45, 39.452594068420765)	(50, 39.46905524079135)	(55, 39.447271319188346)	(60, 39.4309477680376)	(65, 39.44389933766517)	(70, 39.417447806629106)	(75, 39.402102255705984)	(80, 39.343582364076155)	(85, 39.31700001439005)	(90, 39.34504543985808)	(95, 39.38534595646094)	(100, 39.36755252695845)	(105, 39.34520660843492)	(110, 39.271470937982805)	(115, 39.25475964035337)	(120, 39.18086751079581)	(125, 38.973530415990226)	(130, 38.90181720186756)	(135, 39.12033144213172)	(140, 39.157650567567245)	(145, 39.205907578900714)	(150, 38.98489345177752)
PID-2861-32_S227_R2_001	(1, 38.60706132909132)	(2, 37.90987379924832)	(3, 38.35463104562039)	(4, 38.06966093114099)	(5, 38.48724452752882)	(6, 38.78044051872211)	(7, 38.633928863434484)	(8, 38.9660146229087)	(9, 38.69754335657109)	(10, 38.76032165689669)	(15, 38.89474880856915)	(20, 38.95885308673145)	(25, 39.00693365008889)	(30, 38.997383888636705)	(35, 38.97439120270742)	(40, 38.955525060274695)	(45, 38.9807950372637)	(50, 39.022588979575275)	(55, 38.97595631703638)	(60, 38.89931542600439)	(65, 38.89393877948816)	(70, 38.81878294177132)	(75, 38.756032898274114)	(80, 38.74168575528802)	(85, 38.76714934387906)	(90, 38.73689360650012)	(95, 38.75243904832048)	(100, 38.70450918804788)	(105, 38.66112815387413)	(110, 38.60861283828068)	(115, 38.517055481497664)	(120, 38.49817835029834)	(125, 38.51775300653962)	(130, 38.43033736821656)	(135, 38.327665658927)	(140, 38.070764326400955)	(145, 38.25465832623787)	(150, 37.96010024012218)
PID-2861-33_S228_R1_001	(1, 39.24091326544284)	(2, 38.580592825131774)	(3, 38.9855809168221)	(4, 38.758891849161955)	(5, 39.134078715835166)	(6, 39.18653536804513)	(7, 39.1664491799791)	(8, 39.24996731609518)	(9, 39.15866026035065)	(10, 39.20839826129746)	(15, 39.399439866893275)	(20, 39.470042947868976)	(25, 39.458958516207566)	(30, 39.42006101536915)	(35, 39.440709772609345)	(40, 39.45545382718375)	(45, 39.47804234372424)	(50, 39.49129714907028)	(55, 39.468283132750244)	(60, 39.45516019985497)	(65, 39.466341424595996)	(70, 39.43816879186484)	(75, 39.423221731670424)	(80, 39.367152553851305)	(85, 39.33823091158456)	(90, 39.36502797823455)	(95, 39.404071643119366)	(100, 39.38012867308218)	(105, 39.35349108764727)	(110, 39.2836110314878)	(115, 39.261964461024135)	(120, 39.18996275252884)	(125, 38.99095228312301)	(130, 38.923488156246115)	(135, 39.12312095968065)	(140, 39.15392990228828)	(145, 39.202414321698335)	(150, 38.96843995033311)
PID-2861-33_S228_R2_001	(1, 38.711089709807524)	(2, 37.99489237860061)	(3, 38.386595782517645)	(4, 37.87877316395627)	(5, 38.472735127199265)	(6, 38.72745683491502)	(7, 38.60320765120061)	(8, 38.93379174709073)	(9, 38.67042687209753)	(10, 38.725671035076935)	(15, 38.848793131589055)	(20, 38.915169148342706)	(25, 38.96700346652397)	(30, 38.95300874629413)	(35, 38.93002006507548)	(40, 38.913870561992645)	(45, 38.93581725596491)	(50, 38.976239735020826)	(55, 38.934324433837624)	(60, 38.857040356705234)	(65, 38.85371788552594)	(70, 38.77972379867364)	(75, 38.711771808690756)	(80, 38.70236144257418)	(85, 38.729510277362515)	(90, 38.696794541260076)	(95, 38.71731954627431)	(100, 38.665313079327284)	(105, 38.62349457122371)	(110, 38.563084646035335)	(115, 38.47016913616237)	(120, 38.45081669160929)	(125, 38.47469177656715)	(130, 38.383586752015646)	(135, 38.27696430267976)	(140, 38.00915188457962)	(145, 38.1965133097361)	(150, 37.8925109364594)
PID-2861-34_S229_R1_001	(1, 39.27596391230645)	(2, 38.7033323094076)	(3, 39.08793929258109)	(4, 38.792004277734165)	(5, 39.19179494180689)	(6, 39.1541053733347)	(7, 39.19528994163623)	(8, 39.34405042265379)	(9, 39.24640886492144)	(10, 39.2567491495728)	(15, 39.45830688191861)	(20, 39.523817195126114)	(25, 39.51676075406441)	(30, 39.481693800698544)	(35, 39.499125112347414)	(40, 39.515792347861705)	(45, 39.53570474532691)	(50, 39.54860894000932)	(55, 39.52992889404644)	(60, 39.52180256436511)	(65, 39.52945288235094)	(70, 39.50357441095828)	(75, 39.491216309999196)	(80, 39.436463132985196)	(85, 39.40995938427933)	(90, 39.43514067601852)	(95, 39.47335449446511)	(100, 39.452969725929215)	(105, 39.432730582386206)	(110, 39.36455032594969)	(115, 39.346512395189826)	(120, 39.2817201952285)	(125, 39.09878971978566)	(130, 39.04117592181758)	(135, 39.230039250486364)	(140, 39.258240559798026)	(145, 39.30903074720884)	(150, 39.081239760920724)
PID-2861-34_S229_R2_001	(1, 38.864434508572536)	(2, 38.20103530268382)	(3, 38.65911464555104)	(4, 38.254061003219675)	(5, 38.649733210462244)	(6, 38.8925583353243)	(7, 38.827650545524875)	(8, 39.12631375359796)	(9, 38.86310568051242)	(10, 38.926751083654736)	(15, 39.01467217311171)	(20, 39.06760412755839)	(25, 39.11233557459299)	(30, 39.10759593615254)	(35, 39.08693311489584)	(40, 39.069660170426744)	(45, 39.09299839584968)	(50, 39.12949748000501)	(55, 39.090549165500526)	(60, 39.023913899222954)	(65, 39.01579849141609)	(70, 38.94893614116523)	(75, 38.89048590964424)	(80, 38.876774406407506)	(85, 38.89700399331035)	(90, 38.861324049740034)	(95, 38.873967484669556)	(100, 38.835790982627394)	(105, 38.792442973025246)	(110, 38.73973127638031)	(115, 38.65723926868949)	(120, 38.631168754337466)	(125, 38.648833065974955)	(130, 38.56405656620818)	(135, 38.47841450788992)	(140, 38.22892402859354)	(145, 38.39827332693995)	(150, 38.11775519830934)
PID-2861-35_S230_R1_001	(1, 39.26280305015035)	(2, 38.64897072495555)	(3, 39.02453149959543)	(4, 38.740132105174084)	(5, 39.14037044164118)	(6, 39.12134525633922)	(7, 39.1912881993309)	(8, 39.31133744316904)	(9, 39.19430218189153)	(10, 39.23586175557529)	(15, 39.4393556568975)	(20, 39.50347373082353)	(25, 39.494302877425966)	(30, 39.458958599471856)	(35, 39.47723028913367)	(40, 39.4951440104052)	(45, 39.51296453006216)	(50, 39.529483936632175)	(55, 39.505043783892816)	(60, 39.49500304875929)	(65, 39.508244169682584)	(70, 39.482573384679235)	(75, 39.46506910134632)	(80, 39.411592704307445)	(85, 39.386311418588846)	(90, 39.4147272461705)	(95, 39.4489568142668)	(100, 39.43428474716164)	(105, 39.40768751028811)	(110, 39.34283495199653)	(115, 39.32462307829631)	(120, 39.26368545150618)	(125, 39.0759212933231)	(130, 39.01190244897675)	(135, 39.207939293754336)	(140, 39.22931858490584)	(145, 39.28046696610856)	(150, 39.05866236594092)
PID-2861-35_S230_R2_001	(1, 38.66354680830839)	(2, 38.033334647120604)	(3, 38.502428574409436)	(4, 38.26410833644392)	(5, 38.523092902534756)	(6, 38.695859019806505)	(7, 38.70384375514406)	(8, 39.03109270778512)	(9, 38.76795811955309)	(10, 38.8175154118839)	(15, 38.92040443009067)	(20, 38.97910846395856)	(25, 39.033997259594315)	(30, 39.02529844223471)	(35, 39.00099739638276)	(40, 38.98012672637443)	(45, 39.00685472372213)	(50, 39.04845510209286)	(55, 39.007628158016146)	(60, 38.93413427987842)	(65, 38.933347862274914)	(70, 38.8630367497212)	(75, 38.78973298432961)	(80, 38.7777113671193)	(85, 38.81089114190526)	(90, 38.7733132710289)	(95, 38.791841844742805)	(100, 38.74943279166657)	(105, 38.707749876542636)	(110, 38.65106103778375)	(115, 38.56051265524908)	(120, 38.54785300111517)	(125, 38.56898148255483)	(130, 38.47797404729171)	(135, 38.38390162360922)	(140, 38.11853733832998)	(145, 38.302909481405116)	(150, 37.99850105372076)
PID-2861-36_S231_R1_001	(1, 39.24511306906563)	(2, 38.650310446230186)	(3, 39.037025181990565)	(4, 38.82793398361383)	(5, 39.14199288322842)	(6, 39.14229237913936)	(7, 39.1403793490082)	(8, 39.29201038502071)	(9, 39.17885334246796)	(10, 39.20793963659915)	(15, 39.402361150887906)	(20, 39.462194443976486)	(25, 39.457004179839814)	(30, 39.41603051863333)	(35, 39.43344470837521)	(40, 39.4480739605152)	(45, 39.47007418139344)	(50, 39.48430922204066)	(55, 39.458909722573196)	(60, 39.44609691313309)	(65, 39.45753578508173)	(70, 39.42602057911279)	(75, 39.40874266001037)	(80, 39.35039935907875)	(85, 39.32046773773892)	(90, 39.352078033659595)	(95, 39.390644122111965)	(100, 39.370462590152954)	(105, 39.34384863476661)	(110, 39.278668216558)	(115, 39.25586796722766)	(120, 39.1790337887543)	(125, 38.976943681665794)	(130, 38.910767065183414)	(135, 39.12388086801403)	(140, 39.157093492894774)	(145, 39.2114734391908)	(150, 38.97469967554191)
PID-2861-36_S231_R2_001	(1, 38.7949164312816)	(2, 38.20696664925847)	(3, 38.635172799781365)	(4, 38.337700358084795)	(5, 38.68094887791985)	(6, 38.949121260278794)	(7, 38.82770936168062)	(8, 39.083636104980805)	(9, 38.85961316359403)	(10, 38.894989620594835)	(15, 38.98497616199734)	(20, 39.03627606784331)	(25, 39.07324509435057)	(30, 39.062185833469044)	(35, 39.04172127787418)	(40, 39.02343443192177)	(45, 39.04606359421299)	(50, 39.080800627443935)	(55, 39.0439895850297)	(60, 38.96665375090551)	(65, 38.96173303308868)	(70, 38.888721171178766)	(75, 38.829497352268966)	(80, 38.81480483161778)	(85, 38.83566284996565)	(90, 38.79985624196274)	(95, 38.812866344334196)	(100, 38.76601020906686)	(105, 38.72135611748476)	(110, 38.672443194049016)	(115, 38.57766658992084)	(120, 38.56005061480895)	(125, 38.57746705077018)	(130, 38.49174907483841)	(135, 38.40197929360146)	(140, 38.1455161448098)	(145, 38.32103135931922)	(150, 38.03019704194337)
PID-2861-37_S232_R1_001	(1, 33.259839265418705)	(2, 27.871322488915244)	(3, 30.110955377959865)	(4, 29.54658293014919)	(5, 32.312286896403016)	(6, 33.794575994034226)	(7, 33.95381913091917)	(8, 34.89492055363135)	(9, 34.77578469292867)	(10, 35.369052528492425)	(15, 36.65074594682012)	(20, 37.17915391975849)	(25, 37.42143457186112)	(30, 37.505533168915065)	(35, 37.622785856434994)	(40, 37.63423853227494)	(45, 37.777896973535846)	(50, 37.89531138394361)	(55, 37.88583801655863)	(60, 37.81603212894705)	(65, 37.91459773677803)	(70, 37.84517010103188)	(75, 37.79156615139958)	(80, 37.6753448965198)	(85, 37.512962538689955)	(90, 37.69172562813619)	(95, 37.85661109688549)	(100, 37.83998239017444)	(105, 37.807889381544726)	(110, 37.63057461040508)	(115, 37.661151017731115)	(120, 37.36718642605895)	(125, 36.66534053898645)	(130, 36.40539076292772)	(135, 37.14275009770758)	(140, 37.4220850389119)	(145, 37.62572040928434)	(150, 37.28213818395929)
PID-2861-37_S232_R2_001	(1, 39.33316262584062)	(2, 38.93548604466247)	(3, 39.29205356621429)	(4, 38.898837841358834)	(5, 39.27213020489391)	(6, 39.46363705790129)	(7, 39.31170738938828)	(8, 39.558182055048675)	(9, 39.299703957269216)	(10, 39.364535069159004)	(15, 39.425856794382824)	(20, 39.465318975934736)	(25, 39.49257287637633)	(30, 39.48687034765929)	(35, 39.45691297960944)	(40, 39.44531385470996)	(45, 39.455036994110586)	(50, 39.46891102096557)	(55, 39.444140465312685)	(60, 39.4009919003787)	(65, 39.39246101804558)	(70, 39.33541057398149)	(75, 39.29452343409567)	(80, 39.26298028328459)	(85, 39.272599201268626)	(90, 39.233761449755846)	(95, 39.24561304205245)	(100, 39.21773561003221)	(105, 39.18310355206354)	(110, 39.140989115151186)	(115, 39.063027901690454)	(120, 39.02848658823107)	(125, 39.03548649389271)	(130, 38.966716531223746)	(135, 38.89354590908478)	(140, 38.68151224517591)	(145, 38.81987595929851)	(150, 38.540559528941145)
PID-2861-38_S233_R1_001	(1, 39.23929739782744)	(2, 38.62284767817352)	(3, 39.00976467795262)	(4, 38.78248499275418)	(5, 39.15541447863513)	(6, 39.18063600107427)	(7, 39.12167578849339)	(8, 39.30205422132354)	(9, 39.117826014026015)	(10, 39.216872278232366)	(15, 39.41200817985413)	(20, 39.478392957479244)	(25, 39.47118837954743)	(30, 39.43920921965988)	(35, 39.45581934658328)	(40, 39.46976286305894)	(45, 39.49095128843702)	(50, 39.50903496236845)	(55, 39.485919449885564)	(60, 39.47525520796573)	(65, 39.48741389566928)	(70, 39.457336524368614)	(75, 39.44271104784445)	(80, 39.38782206342412)	(85, 39.3595837843833)	(90, 39.38756907824483)	(95, 39.42635867248777)	(100, 39.409392533087434)	(105, 39.38665539843791)	(110, 39.31873034438066)	(115, 39.299311348676824)	(120, 39.228926472057516)	(125, 39.03550097023482)	(130, 38.9680661207931)	(135, 39.17724306651036)	(140, 39.206129423195925)	(145, 39.25834187064014)	(150, 39.0273769790912)
PID-2861-38_S233_R2_001	(1, 38.75472261916656)	(2, 38.13039919411388)	(3, 38.553174093217706)	(4, 38.160280776884484)	(5, 38.641055278178285)	(6, 38.83847904576923)	(7, 38.71414232982851)	(8, 39.05022397437883)	(9, 38.786686746601426)	(10, 38.83101048330252)	(15, 38.95510081367733)	(20, 39.01551587436169)	(25, 39.063283142662556)	(30, 39.05589560878225)	(35, 39.03149720478875)	(40, 39.01427368046689)	(45, 39.03796262602283)	(50, 39.07794748357659)	(55, 39.03811955016302)	(60, 38.96217266605131)	(65, 38.95799474414124)	(70, 38.884323626707534)	(75, 38.820755417411796)	(80, 38.80893844302288)	(85, 38.8301866315665)	(90, 38.800745756311116)	(95, 38.81088386238706)	(100, 38.76919557129278)	(105, 38.725909440471945)	(110, 38.67228538194804)	(115, 38.583995020958355)	(120, 38.559493589667206)	(125, 38.581887544421356)	(130, 38.49719177284864)	(135, 38.40312015054452)	(140, 38.15229801402877)	(145, 38.323492806279376)	(150, 38.030415478658384)
PID-2861-39_S234_R1_001	(1, 39.220092540233225)	(2, 38.5789553117024)	(3, 39.011466277452584)	(4, 38.793522947838184)	(5, 39.13752273387232)	(6, 39.11675276245205)	(7, 39.126835903470834)	(8, 39.28358499793676)	(9, 39.114448808668676)	(10, 39.196926533294615)	(15, 39.38836102153414)	(20, 39.45894071617429)	(25, 39.44943910378872)	(30, 39.41416606807171)	(35, 39.430234139780836)	(40, 39.44575889104553)	(45, 39.46960997080894)	(50, 39.48510262719506)	(55, 39.46258654154759)	(60, 39.446577692531065)	(65, 39.45819183567422)	(70, 39.430081307025716)	(75, 39.41428948052147)	(80, 39.36112851706378)	(85, 39.33155232229372)	(90, 39.35756560346013)	(95, 39.399983188396945)	(100, 39.378624046705696)	(105, 39.35728897617337)	(110, 39.287242667848574)	(115, 39.267649126560805)	(120, 39.19736172456481)	(125, 38.99777934006816)	(130, 38.928918249759285)	(135, 39.142490180495486)	(140, 39.17506230252044)	(145, 39.23116109020446)	(150, 39.00781127028539)
PID-2861-39_S234_R2_001	(1, 38.492835964603934)	(2, 37.765011997371275)	(3, 38.303650028274056)	(4, 37.99552582109398)	(5, 38.3747153489936)	(6, 38.363210863352236)	(7, 38.508149806666566)	(8, 38.87083339701365)	(9, 38.60998609221929)	(10, 38.64893399153307)	(15, 38.76355320872369)	(20, 38.83052605034311)	(25, 38.8897640262261)	(30, 38.879248750592225)	(35, 38.858042441656096)	(40, 38.83783145603766)	(45, 38.86830936406291)	(50, 38.90872827864468)	(55, 38.869827757484984)	(60, 38.78697826718222)	(65, 38.78743829377512)	(70, 38.70977441885344)	(75, 38.638054591860126)	(80, 38.626208907092966)	(85, 38.65826863413366)	(90, 38.62073443780471)	(95, 38.63766181167948)	(100, 38.592843606241686)	(105, 38.54989874829974)	(110, 38.48948969143066)	(115, 38.388336186211426)	(120, 38.36936429215509)	(125, 38.393176017484066)	(130, 38.295449022634536)	(135, 38.19429475325152)	(140, 37.89993551428978)	(145, 38.10190414752957)	(150, 37.793221737947825)
PID-2861-3_S198_R1_001	(1, 37.7200357142452)	(2, 35.85683670262672)	(3, 36.950879298784606)	(4, 36.573265822669924)	(5, 37.56177895060475)	(6, 37.621626404943726)	(7, 37.84346768530168)	(8, 38.18158674261805)	(9, 37.949217247666034)	(10, 38.136005019054025)	(15, 38.65770528033073)	(20, 38.8453570913992)	(25, 38.896413486552134)	(30, 38.88276492697753)	(35, 38.932264780059015)	(40, 38.94148785908529)	(45, 38.99992580331526)	(50, 39.03733091607946)	(55, 39.01106120545788)	(60, 38.98311514894361)	(65, 39.01944656534017)	(70, 38.97748981497343)	(75, 38.946627624537555)	(80, 38.86966093022676)	(85, 38.80014204013655)	(90, 38.86373336388936)	(95, 38.935535787420825)	(100, 38.90745994343353)	(105, 38.87785478551599)	(110, 38.76371487144347)	(115, 38.754870717382104)	(120, 38.60924191182393)	(125, 38.202953572615755)	(130, 38.04778674919819)	(135, 38.474036946318584)	(140, 38.58112306563318)	(145, 38.669092718850116)	(150, 38.360989863954735)
PID-2861-3_S198_R2_001	(1, 39.18890997809269)	(2, 38.75253363526316)	(3, 39.10978046176658)	(4, 38.83453118246145)	(5, 39.17044022231777)	(6, 39.34088838617673)	(7, 39.22298599679389)	(8, 39.43285597107464)	(9, 39.23271551924633)	(10, 39.273401623024114)	(15, 39.34604267330428)	(20, 39.39229647815338)	(25, 39.41689755752228)	(30, 39.41422103124315)	(35, 39.38886981658443)	(40, 39.3725165949848)	(45, 39.383021211856494)	(50, 39.40085110631341)	(55, 39.37515500186627)	(60, 39.3241153974004)	(65, 39.31571687724987)	(70, 39.26102870186433)	(75, 39.213974389664195)	(80, 39.19217826264038)	(85, 39.20623978235639)	(90, 39.1726202888225)	(95, 39.17758851698525)	(100, 39.149550338593286)	(105, 39.119756852699155)	(110, 39.07123721270057)	(115, 38.99634394134151)	(120, 38.96323679066438)	(125, 38.97585385749018)	(130, 38.90520590714523)	(135, 38.83381598995281)	(140, 38.627802561753825)	(145, 38.777424185986334)	(150, 38.48500392714149)
PID-2861-40_S235_R1_001	(1, 39.23425396231424)	(2, 38.5571186818034)	(3, 38.99085503203195)	(4, 38.713094268742275)	(5, 39.14253669641821)	(6, 39.1986879913369)	(7, 39.14510803270824)	(8, 39.25971019158546)	(9, 39.14951902423014)	(10, 39.22559963875861)	(15, 39.4117050154646)	(20, 39.48264797465457)	(25, 39.47535708648784)	(30, 39.440866477614215)	(35, 39.45329752974022)	(40, 39.47260094846771)	(45, 39.49239981979741)	(50, 39.510170053130494)	(55, 39.48777225068229)	(60, 39.474873758886005)	(65, 39.49011530248218)	(70, 39.46185819812042)	(75, 39.44601625795311)	(80, 39.39042354925938)	(85, 39.36215557420761)	(90, 39.38638090688731)	(95, 39.42673499870911)	(100, 39.406166817009705)	(105, 39.38524993702317)	(110, 39.317205271030346)	(115, 39.29964827046277)	(120, 39.23060642771357)	(125, 39.02999244277993)	(130, 38.96988170807807)	(135, 39.174529137107626)	(140, 39.20611050363492)	(145, 39.254310881358585)	(150, 39.02837070362173)
PID-2861-40_S235_R2_001	(1, 38.59918616161162)	(2, 37.89138717321295)	(3, 38.395964883490244)	(4, 38.196134424444004)	(5, 38.57642460915166)	(6, 38.81306698749139)	(7, 38.686151681664384)	(8, 39.00212501084456)	(9, 38.748867200933205)	(10, 38.77653728803462)	(15, 38.88744759334421)	(20, 38.94173581923715)	(25, 38.99056110529831)	(30, 38.986610863791306)	(35, 38.96258078542826)	(40, 38.948035802199435)	(45, 38.96882139769897)	(50, 39.00685877823897)	(55, 38.96816581147088)	(60, 38.89657813674283)	(65, 38.896031257414805)	(70, 38.823063005055914)	(75, 38.759119934023275)	(80, 38.74651160602947)	(85, 38.77320500344413)	(90, 38.73932984286627)	(95, 38.75417544248412)	(100, 38.7066387512922)	(105, 38.668871465588516)	(110, 38.611070334409604)	(115, 38.51552533132086)	(120, 38.49650914967163)	(125, 38.51997478836125)	(130, 38.43291644933997)	(135, 38.33316657973599)	(140, 38.064866672738425)	(145, 38.25232787579335)	(150, 37.95232456886109)
PID-2861-4_S199_R1_001	(1, 39.290505751183616)	(2, 38.72412625089477)	(3, 39.111418289125645)	(4, 38.82662919143609)	(5, 39.192674790928336)	(6, 39.25236915002187)	(7, 39.20418921629778)	(8, 39.34654539834058)	(9, 39.24585337085241)	(10, 39.271105303717086)	(15, 39.45198175494137)	(20, 39.52510581015887)	(25, 39.51615823346089)	(30, 39.481986347995665)	(35, 39.49732561466358)	(40, 39.514128958494794)	(45, 39.53656235646705)	(50, 39.54955883658702)	(55, 39.52576089589771)	(60, 39.517162347478255)	(65, 39.52930379601139)	(70, 39.50060893595704)	(75, 39.485042976299184)	(80, 39.432985145470475)	(85, 39.411221741480105)	(90, 39.43254447534495)	(95, 39.46737583132638)	(100, 39.44636222426602)	(105, 39.422184561856604)	(110, 39.35805982371003)	(115, 39.33689844965234)	(120, 39.274153162465865)	(125, 39.088364445155754)	(130, 39.027402008447275)	(135, 39.21892469912206)	(140, 39.24467946669032)	(145, 39.287855157551974)	(150, 39.0517872604363)
PID-2861-4_S199_R2_001	(1, 38.650891699287584)	(2, 38.11744845420155)	(3, 38.6016418798856)	(4, 38.252710066462264)	(5, 38.62071566143818)	(6, 38.773669850380436)	(7, 38.76245358987204)	(8, 39.097459350373306)	(9, 38.81949515865769)	(10, 38.87074180567324)	(15, 38.96361577511353)	(20, 39.02016800274487)	(25, 39.06717895482255)	(30, 39.05352738896373)	(35, 39.04265051022365)	(40, 39.018967450701396)	(45, 39.04749832008217)	(50, 39.08544856820576)	(55, 39.04898914438743)	(60, 38.98308374815154)	(65, 38.97797855186151)	(70, 38.91232001859145)	(75, 38.841658454344056)	(80, 38.8290811589405)	(85, 38.856721041560014)	(90, 38.823900544479734)	(95, 38.84084990139731)	(100, 38.79824126579753)	(105, 38.7619519713411)	(110, 38.7111499407507)	(115, 38.61688599688462)	(120, 38.60322434603786)	(125, 38.61848205584672)	(130, 38.534211896558716)	(135, 38.44451513679957)	(140, 38.200510397292696)	(145, 38.37534602807841)	(150, 38.07447481307342)
PID-2861-5_S200_R1_001	(1, 39.28135903342272)	(2, 38.66223239770258)	(3, 39.0630856444043)	(4, 38.86230194571054)	(5, 39.19681386105802)	(6, 39.26055997815539)	(7, 39.203115190638556)	(8, 39.354799862771046)	(9, 39.219993418611324)	(10, 39.28520984594416)	(15, 39.46171895603305)	(20, 39.533919123601756)	(25, 39.52745442621727)	(30, 39.488462265538026)	(35, 39.5038095038053)	(40, 39.5210140006208)	(45, 39.54274285207512)	(50, 39.558369215904555)	(55, 39.53617359929612)	(60, 39.52399803025105)	(65, 39.53428693454319)	(70, 39.50629782884188)	(75, 39.491580723532664)	(80, 39.43788406020337)	(85, 39.41712327967868)	(90, 39.43663266282519)	(95, 39.472230507303706)	(100, 39.457033567416055)	(105, 39.436932792819285)	(110, 39.37220086771642)	(115, 39.357660199635454)	(120, 39.298462242199776)	(125, 39.1171118439324)	(130, 39.060441886571404)	(135, 39.24938281977497)	(140, 39.27444432504507)	(145, 39.321017987859804)	(150, 39.09998941079189)
PID-2861-5_S200_R2_001	(1, 38.684891512109054)	(2, 38.03855013407829)	(3, 38.49619002942954)	(4, 38.11470753662356)	(5, 38.593043798908234)	(6, 38.67494241284911)	(7, 38.696436948196066)	(8, 39.01662850861532)	(9, 38.771889535358625)	(10, 38.815093318023436)	(15, 38.93018266854306)	(20, 38.98911083571967)	(25, 39.04050447977856)	(30, 39.03018196839533)	(35, 39.00333410349584)	(40, 38.98688903358608)	(45, 39.00692912871283)	(50, 39.045255215517145)	(55, 39.00723065900238)	(60, 38.93401154310226)	(65, 38.937314840097926)	(70, 38.86421194872118)	(75, 38.80352407691356)	(80, 38.79583085364345)	(85, 38.824472497030214)	(90, 38.79105444582141)	(95, 38.80842791162269)	(100, 38.77110163577848)	(105, 38.73083287240274)	(110, 38.67222864024309)	(115, 38.584474924209005)	(120, 38.5687272014395)	(125, 38.590106912558554)	(130, 38.50432387900514)	(135, 38.41628450269673)	(140, 38.16308734699659)	(145, 38.335395296242)	(150, 38.03363276295343)
PID-2861-6_S201_R1_001	(1, 39.24880166430318)	(2, 38.59626675937243)	(3, 39.041780302738594)	(4, 38.84626208374543)	(5, 39.16163037463324)	(6, 39.10391223463066)	(7, 39.12189304585745)	(8, 39.271596721120304)	(9, 39.156609301307306)	(10, 39.22648979228115)	(15, 39.42176333846369)	(20, 39.48563702392491)	(25, 39.48020053489173)	(30, 39.43918439462732)	(35, 39.45597528628589)	(40, 39.475527108185204)	(45, 39.494411800622466)	(50, 39.5131776771265)	(55, 39.48837331086098)	(60, 39.47427338006027)	(65, 39.487709701871026)	(70, 39.45953976428239)	(75, 39.444129777803205)	(80, 39.390240151204274)	(85, 39.36373451679871)	(90, 39.38965707301349)	(95, 39.42813451283818)	(100, 39.406759086393485)	(105, 39.38747129990132)	(110, 39.31866059238544)	(115, 39.30235772617108)	(120, 39.23394351182493)	(125, 39.03992765429844)	(130, 38.977885494444806)	(135, 39.17997731495793)	(140, 39.21074953958292)	(145, 39.26429460755815)	(150, 39.036044024070314)
PID-2861-6_S201_R2_001	(1, 38.723908076073)	(2, 37.99652133351082)	(3, 38.49576388193657)	(4, 38.11908216891885)	(5, 38.5275757479078)	(6, 38.680183812649275)	(7, 38.68653386419119)	(8, 38.994038300536104)	(9, 38.75359445701669)	(10, 38.790618381925015)	(15, 38.90284663173331)	(20, 38.96871290440048)	(25, 39.015192817356805)	(30, 39.002028011956405)	(35, 38.980971188236346)	(40, 38.959895001919755)	(45, 38.9841017680471)	(50, 39.02527544943777)	(55, 38.98311075515227)	(60, 38.910013432801335)	(65, 38.909025500319586)	(70, 38.83855401009275)	(75, 38.77188859025995)	(80, 38.759478046005974)	(85, 38.78587938642572)	(90, 38.75622733008496)	(95, 38.76730405547384)	(100, 38.723178458231246)	(105, 38.68304771669881)	(110, 38.62666647597443)	(115, 38.5362193870198)	(120, 38.515837173765)	(125, 38.54024592697881)	(130, 38.44896668643265)	(135, 38.34759645268431)	(140, 38.09089831087558)	(145, 38.275768368155795)	(150, 37.97447175351287)
PID-2861-7_S202_R1_001	(1, 39.24912324183654)	(2, 38.65514591982155)	(3, 39.05262201292934)	(4, 38.802676745771116)	(5, 39.15789082347109)	(6, 39.119900035111634)	(7, 39.14537042774232)	(8, 39.27075613937254)	(9, 39.14186752586901)	(10, 39.227009521449084)	(15, 39.42407253650577)	(20, 39.497522770927574)	(25, 39.49263027449037)	(30, 39.455866741020714)	(35, 39.47572175062478)	(40, 39.4880145403474)	(45, 39.5125885536072)	(50, 39.52708098395191)	(55, 39.50608753123903)	(60, 39.494074395357)	(65, 39.505229155048845)	(70, 39.47637647933577)	(75, 39.460361443294715)	(80, 39.40878534399074)	(85, 39.38560009913873)	(90, 39.40880682404941)	(95, 39.44696532209761)	(100, 39.42853543176983)	(105, 39.405664952392755)	(110, 39.33701716339303)	(115, 39.32206662948964)	(120, 39.25640002478469)	(125, 39.06475907222669)	(130, 39.00132184976351)	(135, 39.198239461346226)	(140, 39.228873010496706)	(145, 39.281181753051456)	(150, 39.06350582714036)
PID-2861-7_S202_R2_001	(1, 38.67769791602123)	(2, 37.99192432410104)	(3, 38.518113472540634)	(4, 38.213111097341844)	(5, 38.599347336679266)	(6, 38.66221781605634)	(7, 38.70919718280769)	(8, 39.00069810190635)	(9, 38.781667596092284)	(10, 38.82235661028151)	(15, 38.92900675382614)	(20, 38.98588264452569)	(25, 39.0347671272487)	(30, 39.02414771671108)	(35, 39.00075304128715)	(40, 38.98101080199103)	(45, 39.004652085011465)	(50, 39.040846810004744)	(55, 39.009140591114694)	(60, 38.93960922816366)	(65, 38.93788875808083)	(70, 38.87001590350497)	(75, 38.80468513125555)	(80, 38.797024185719884)	(85, 38.819238697151825)	(90, 38.78903814775801)	(95, 38.80389284755355)	(100, 38.76047917053928)	(105, 38.72218435673421)	(110, 38.66373546481608)	(115, 38.57380672077989)	(120, 38.55660615073218)	(125, 38.5751488113679)	(130, 38.495189293016914)	(135, 38.40091248941487)	(140, 38.145632569843016)	(145, 38.32331500000987)	(150, 38.02343539738534)
PID-2861-8_S203_R1_001	(1, 39.1867457699809)	(2, 38.51917166168016)	(3, 38.9255087765876)	(4, 38.664541360754)	(5, 39.03463867416855)	(6, 38.97069160939846)	(7, 39.08370179003584)	(8, 39.224437614238596)	(9, 39.03422613881202)	(10, 39.12291225454657)	(15, 39.34762148859912)	(20, 39.421873768265414)	(25, 39.417291766652035)	(30, 39.38084365522664)	(35, 39.40347550826603)	(40, 39.41623796346407)	(45, 39.440517098773626)	(50, 39.45726358354351)	(55, 39.43687535101245)	(60, 39.42202407817749)	(65, 39.4361744493572)	(70, 39.404405142396186)	(75, 39.39056396850843)	(80, 39.33181035627125)	(85, 39.30247051495441)	(90, 39.33508449826919)	(95, 39.37290051158469)	(100, 39.34740010823948)	(105, 39.321547211812394)	(110, 39.24879884816861)	(115, 39.22984958797521)	(120, 39.151412729370676)	(125, 38.92905984826051)	(130, 38.86053650018891)	(135, 39.078354759984066)	(140, 39.11796690870427)	(145, 39.176395498017634)	(150, 38.92850076218974)
PID-2861-8_S203_R2_001	(1, 38.006594438941704)	(2, 37.05310065250023)	(3, 37.76443414240639)	(4, 37.38678048830299)	(5, 37.96019646485791)	(6, 38.04351635335083)	(7, 38.158139914837996)	(8, 38.55441484310382)	(9, 38.29059644035086)	(10, 38.3580864077769)	(15, 38.49765079494746)	(20, 38.588866855234805)	(25, 38.650857440442756)	(30, 38.642175000765846)	(35, 38.618900246091634)	(40, 38.59198741971388)	(45, 38.62340464204389)	(50, 38.67672544955121)	(55, 38.62879210872961)	(60, 38.533322441310716)	(65, 38.53755685125241)	(70, 38.45012508807221)	(75, 38.36623663599882)	(80, 38.36317080393338)	(85, 38.396396238167696)	(90, 38.349905545741386)	(95, 38.36464041008465)	(100, 38.295039568675904)	(105, 38.24515791730913)	(110, 38.17088276439534)	(115, 38.055247878608405)	(120, 38.03463132205328)	(125, 38.06128396524083)	(130, 37.933504610388944)	(135, 37.795763547804064)	(140, 37.440571860268435)	(145, 37.67248969877265)	(150, 37.379285743662024)
PID-2861-9_S204_R1_001	(1, 39.21368437985951)	(2, 38.566104655171095)	(3, 38.99695694139096)	(4, 38.769317389672366)	(5, 39.09742000720069)	(6, 39.091732226163025)	(7, 39.100484131665425)	(8, 39.26517316133381)	(9, 39.12331568908329)	(10, 39.170601257823094)	(15, 39.378372643496775)	(20, 39.446731728242796)	(25, 39.43592149713122)	(30, 39.39931057199543)	(35, 39.41694843844557)	(40, 39.42894448572501)	(45, 39.45404119715343)	(50, 39.470541507396035)	(55, 39.4458040645611)	(60, 39.43102732432992)	(65, 39.44212558314119)	(70, 39.41286779068966)	(75, 39.39513800050558)	(80, 39.3401193476479)	(85, 39.31416085121377)	(90, 39.34308925028535)	(95, 39.386096535241265)	(100, 39.36599511272148)	(105, 39.34201680672269)	(110, 39.27113135135549)	(115, 39.25402970668668)	(120, 39.184516213048575)	(125, 38.98023563117134)	(130, 38.915662272201494)	(135, 39.128468014370746)	(140, 39.16070996837867)	(145, 39.21232413168393)	(150, 38.98187042509887)
PID-2861-9_S204_R2_001	(1, 38.72819875443341)	(2, 38.00945665412929)	(3, 38.435235899282226)	(4, 38.125640593520906)	(5, 38.532219268746694)	(6, 38.61596945067909)	(7, 38.63536152838528)	(8, 38.98130118045395)	(9, 38.71343158959117)	(10, 38.76504676619964)	(15, 38.874445967995214)	(20, 38.94354657086171)	(25, 38.9910351378473)	(30, 38.98044322560383)	(35, 38.95276039312717)	(40, 38.93486437419088)	(45, 38.956218257585626)	(50, 38.99655056188382)	(55, 38.95735351569981)	(60, 38.88014447346852)	(65, 38.876909524064864)	(70, 38.80432807580644)	(75, 38.73575220425454)	(80, 38.7235669472894)	(85, 38.751886351623604)	(90, 38.716291949779)	(95, 38.732969213209444)	(100, 38.69019556774396)	(105, 38.641973908980184)	(110, 38.59021012233517)	(115, 38.49676505059635)	(120, 38.475767754686196)	(125, 38.50096290111304)	(130, 38.4135418980719)	(135, 38.313593988187804)	(140, 38.041668592818006)	(145, 38.22274060571166)	(150, 37.93219678520327)
