Sample	0	1	2	3	4	5	6	7	8	9	10	11	12	13	14	15
PID-2861-10_S205_R1_001	(1.0, 61.43739354331549)	(2.0, 22.85660253877758)	(3.0, 8.901066710200228)	(4.0, 3.6332724467955746)	(5.0, 1.5547128297641837)	(6.0, 0.7319980196112945)	(7.0, 0.4029783443648932)	(8.0, 0.1821780119189722)	(9.0, 0.10566056037863486)	('>10', 0.19413699487315206)	('>50', 0.0)	('>100', 0.0)	('>500', 0.0)	('>1k', 0.0)	('>5k', 0.0)	('>10k+', 0.0)
PID-2861-10_S205_R2_001	(1.0, 63.35705737135453)	(2.0, 21.53071241615641)	(3.0, 8.45508244291385)	(4.0, 3.4328680869268604)	(5.0, 1.4514678270730486)	(6.0, 0.6573213428247219)	(7.0, 0.29702142306987867)	(8.0, 0.18919995811542306)	(9.0, 0.09555828092403203)	('>10', 0.1755750904942803)	('>50', 0.0)	('>100', 0.0)	('>500', 0.0)	('>1k', 0.35813576014693893)	('>5k', 0.0)	('>10k+', 0.0)
PID-2861-11_S206_R1_001	(1.0, 57.406937000531336)	(2.0, 23.041569633766276)	(3.0, 10.042276322061868)	(4.0, 4.328532188347527)	(5.0, 2.1362855182480174)	(6.0, 1.1140622640568987)	(7.0, 0.6506017310073658)	(8.0, 0.3747931816605869)	(9.0, 0.26073409708381395)	('>10', 0.6442080632362568)	('>50', 0.0)	('>100', 0.0)	('>500', 0.0)	('>1k', 0.0)	('>5k', 0.0)	('>10k+', 0.0)
PID-2861-11_S206_R2_001	(1.0, 59.0712373418812)	(2.0, 22.217520717468084)	(3.0, 9.48614138039315)	(4.0, 4.168049185305789)	(5.0, 1.9824834882273517)	(6.0, 0.9993906061983306)	(7.0, 0.584384845949673)	(8.0, 0.3170372450160795)	(9.0, 0.20294596357021102)	('>10', 0.6197706538871526)	('>50', 0.0)	('>100', 0.0)	('>500', 0.0)	('>1k', 0.35103857210296296)	('>5k', 0.0)	('>10k+', 0.0)
PID-2861-12_S207_R1_001	(1.0, 61.20168783395612)	(2.0, 22.001261192291633)	(3.0, 8.897353994214134)	(4.0, 3.824123328076554)	(5.0, 1.796099825075525)	(6.0, 0.8383182471944596)	(7.0, 0.49292525135765375)	(8.0, 0.28572559779139484)	(9.0, 0.18289314320356292)	('>10', 0.4796115868389867)	('>50', 0.0)	('>100', 0.0)	('>500', 0.0)	('>1k', 0.0)	('>5k', 0.0)	('>10k+', 0.0)
PID-2861-12_S207_R2_001	(1.0, 61.5260224637904)	(2.0, 21.693683888355793)	(3.0, 8.752924379120106)	(4.0, 3.7168677449973218)	(5.0, 1.7104865174990522)	(6.0, 0.8651341019064032)	(7.0, 0.4826937887634246)	(8.0, 0.2865004173365627)	(9.0, 0.2009337011932159)	('>10', 0.496943418523967)	('>50', 0.0)	('>100', 0.0)	('>500', 0.0)	('>1k', 0.26780957851376574)	('>5k', 0.0)	('>10k+', 0.0)
PID-2861-13_S208_R1_001	(1.0, 56.25459632133073)	(2.0, 22.979763648244248)	(3.0, 10.130030282037445)	(4.0, 4.800606285390921)	(5.0, 2.4017523047355196)	(6.0, 1.1989801654749817)	(7.0, 0.6938362609843244)	(8.0, 0.4071698150998394)	(9.0, 0.2735613221741839)	('>10', 0.8528225346905567)	('>50', 0.006881059837251218)	('>100', 0.0)	('>500', 0.0)	('>1k', 0.0)	('>5k', 0.0)	('>10k+', 0.0)
PID-2861-13_S208_R2_001	(1.0, 58.317535627494756)	(2.0, 21.895430027813997)	(3.0, 9.773474646803924)	(4.0, 4.406607157380867)	(5.0, 2.1106882697769986)	(6.0, 1.1180405613930986)	(7.0, 0.5855239971400404)	(8.0, 0.39611032801960144)	(9.0, 0.2483575500270236)	('>10', 0.764139728323092)	('>50', 0.0)	('>100', 0.0)	('>500', 0.0)	('>1k', 0.3840921058265945)	('>5k', 0.0)	('>10k+', 0.0)
PID-2861-14_S209_R1_001	(1.0, 55.767995227317954)	(2.0, 22.98611813723348)	(3.0, 10.024549198614103)	(4.0, 4.8178308242949734)	(5.0, 2.3931363513690855)	(6.0, 1.2825683653389404)	(7.0, 0.8085982097407687)	(8.0, 0.47144566877350425)	(9.0, 0.25756649960044087)	('>10', 1.1703130331711804)	('>50', 0.01987848454557928)	('>100', 0.0)	('>500', 0.0)	('>1k', 0.0)	('>5k', 0.0)	('>10k+', 0.0)
PID-2861-14_S209_R2_001	(1.0, 57.72548232666146)	(2.0, 21.954151766429174)	(3.0, 9.522397892900148)	(4.0, 4.362572216295165)	(5.0, 2.1957454940842096)	(6.0, 1.199939580256072)	(7.0, 0.7225155348628198)	(8.0, 0.4292328618783809)	(9.0, 0.29013943042124946)	('>10', 1.0670675251324038)	('>50', 0.006339877094248497)	('>100', 0.012081652575832044)	('>500', 0.0)	('>1k', 0.5123338414087985)	('>5k', 0.0)	('>10k+', 0.0)
PID-2861-15_S210_R1_001	(1.0, 58.97515972181389)	(2.0, 22.283082436483316)	(3.0, 8.810631910377609)	(4.0, 4.051793435382718)	(5.0, 1.9702208471329907)	(6.0, 1.098514528874855)	(7.0, 0.6794907415367512)	(8.0, 0.41517784151190484)	(9.0, 0.3545486300499665)	('>10', 1.3613799068360288)	('>50', 0.0)	('>100', 0.0)	('>500', 0.0)	('>1k', 0.0)	('>5k', 0.0)	('>10k+', 0.0)
PID-2861-15_S210_R2_001	(1.0, 60.91627638002258)	(2.0, 21.239472239887146)	(3.0, 8.422027264424377)	(4.0, 3.6747328988190255)	(5.0, 1.9051627205645083)	(6.0, 1.0168732516978451)	(7.0, 0.7098022431909945)	(8.0, 0.3745382831218939)	(9.0, 0.26966457406887856)	('>10', 1.1913762872327918)	('>50', 0.0)	('>100', 0.0)	('>500', 0.0)	('>1k', 0.28007385696997716)	('>5k', 0.0)	('>10k+', 0.0)
PID-2861-16_S211_R1_001	(1.0, 61.890621673640055)	(2.0, 21.801012144139623)	(3.0, 8.931597338447187)	(4.0, 3.7998129824862303)	(5.0, 1.6948415280628373)	(6.0, 0.8154836336458252)	(7.0, 0.40068502250477434)	(8.0, 0.26504692206941866)	(9.0, 0.12866776657180906)	('>10', 0.27223098843228855)	('>50', 0.0)	('>100', 0.0)	('>500', 0.0)	('>1k', 0.0)	('>5k', 0.0)	('>10k+', 0.0)
PID-2861-16_S211_R2_001	(1.0, 61.415569826171456)	(2.0, 22.016860545676423)	(3.0, 8.95422929072584)	(4.0, 3.737882394919303)	(5.0, 1.7113291866459504)	(6.0, 0.8212361852758153)	(7.0, 0.44363924526710913)	(8.0, 0.23909246485745855)	(9.0, 0.135413880759226)	('>10', 0.29185347490438923)	('>50', 0.0)	('>100', 0.0)	('>500', 0.0)	('>1k', 0.23289350479704696)	('>5k', 0.0)	('>10k+', 0.0)
PID-2861-17_S212_R1_001	(1.0, 61.41395292814331)	(2.0, 21.845703707200272)	(3.0, 8.674815877604704)	(4.0, 3.6961920011010263)	(5.0, 1.7328800985096107)	(6.0, 0.8515644915989906)	(7.0, 0.48221911736290896)	(8.0, 0.27921198810900705)	(9.0, 0.18996033414417324)	('>10', 0.7779401515983092)	('>50', 0.05555930462770779)	('>100', 0.0)	('>500', 0.0)	('>1k', 0.0)	('>5k', 0.0)	('>10k+', 0.0)
PID-2861-17_S212_R2_001	(1.0, 60.64839894745001)	(2.0, 21.954688050133296)	(3.0, 8.845963180324821)	(4.0, 3.7414104638052006)	(5.0, 1.7821590699485048)	(6.0, 0.8931347172858872)	(7.0, 0.4781006431624423)	(8.0, 0.2741181085430046)	(9.0, 0.19567825406525918)	('>10', 0.7432449006666103)	('>50', 0.037821501779241165)	('>100', 0.0)	('>500', 0.0)	('>1k', 0.4052821628357024)	('>5k', 0.0)	('>10k+', 0.0)
PID-2861-18_S213_R1_001	(1.0, 57.11242373959829)	(2.0, 22.995808164208512)	(3.0, 9.928848266498296)	(4.0, 4.405703414463457)	(5.0, 2.1485953221210616)	(6.0, 1.1668965721583198)	(7.0, 0.5945553729992847)	(8.0, 0.3889808416108555)	(9.0, 0.20509474153999543)	('>10', 0.9985573865385502)	('>50', 0.054536178263385644)	('>100', 0.0)	('>500', 0.0)	('>1k', 0.0)	('>5k', 0.0)	('>10k+', 0.0)
PID-2861-18_S213_R2_001	(1.0, 58.78077162420657)	(2.0, 21.936768699912246)	(3.0, 9.430261798408)	(4.0, 4.261121769464586)	(5.0, 1.940692576387268)	(6.0, 1.039090020253069)	(7.0, 0.5761099568761194)	(8.0, 0.360307647817702)	(9.0, 0.2567190471802723)	('>10', 0.965457675997884)	('>50', 0.041029792192669425)	('>100', 0.0)	('>500', 0.0)	('>1k', 0.4116693913036079)	('>5k', 0.0)	('>10k+', 0.0)
PID-2861-19_S214_R1_001	(1.0, 50.209941387178446)	(2.0, 22.616763138343305)	(3.0, 11.03920743715306)	(4.0, 5.463092386987629)	(5.0, 2.870404083044078)	(6.0, 1.7028275521532827)	(7.0, 0.9790609082552372)	(8.0, 0.6356675230832944)	(9.0, 0.5362341431932156)	('>10', 3.374984595050228)	('>50', 0.5026218630122684)	('>100', 0.06919498254593942)	('>500', 0.0)	('>1k', 0.0)	('>5k', 0.0)	('>10k+', 0.0)
PID-2861-19_S214_R2_001	(1.0, 52.10509551080056)	(2.0, 21.89923560289449)	(3.0, 10.253618027205416)	(4.0, 5.165159401948225)	(5.0, 2.6413714903539627)	(6.0, 1.5596747142058434)	(7.0, 1.0020525938204805)	(8.0, 0.6325799888650026)	(9.0, 0.4630757837362297)	('>10', 3.2702124041694245)	('>50', 0.44460775402270397)	('>100', 0.10787129370065293)	('>500', 0.0)	('>1k', 0.4554454342770133)	('>5k', 0.0)	('>10k+', 0.0)
PID-2861-1_S196_R1_001	(1.0, 59.503907444848835)	(2.0, 22.515040064802157)	(3.0, 9.10565714131231)	(4.0, 3.815415138175911)	(5.0, 1.7867157966639156)	(6.0, 0.8244463350553508)	(7.0, 0.47730241190281475)	(8.0, 0.3044398528765772)	(9.0, 0.16939750861045247)	('>10', 1.1041980481988878)	('>50', 0.20111213163811467)	('>100', 0.19236812591471839)	('>500', 0.0)	('>1k', 0.0)	('>5k', 0.0)	('>10k+', 0.0)
PID-2861-1_S196_R2_001	(1.0, 61.22410050241196)	(2.0, 21.633400365261586)	(3.0, 8.534711448040486)	(4.0, 3.57026641393355)	(5.0, 1.6481312677373505)	(6.0, 0.7918290519716555)	(7.0, 0.4571016952295608)	(8.0, 0.21128023350385286)	(9.0, 0.15982594553601812)	('>10', 1.0846902808826029)	('>50', 0.18552807242091118)	('>100', 0.15263542084416193)	('>500', 0.0)	('>1k', 0.3464993022263041)	('>5k', 0.0)	('>10k+', 0.0)
PID-2861-20_S215_R1_001	(1.0, 54.22869347653315)	(2.0, 22.627020086248834)	(3.0, 10.351790258663879)	(4.0, 5.023774039399752)	(5.0, 2.4533506875786784)	(6.0, 1.3585082712104628)	(7.0, 0.8301427506220861)	(8.0, 0.5337217628363623)	(9.0, 0.3765447941070597)	('>10', 2.035242844521894)	('>50', 0.18121102827785876)	('>100', 0.0)	('>500', 0.0)	('>1k', 0.0)	('>5k', 0.0)	('>10k+', 0.0)
PID-2861-20_S215_R2_001	(1.0, 55.838197302575374)	(2.0, 21.795709456305048)	(3.0, 9.750689498938529)	(4.0, 4.701975620708298)	(5.0, 2.4481832853474894)	(6.0, 1.2614582430130672)	(7.0, 0.7639824817779594)	(8.0, 0.4777369661851563)	(9.0, 0.35024041400997075)	('>10', 1.8784734104505787)	('>50', 0.13875112769830264)	('>100', 0.0)	('>500', 0.0)	('>1k', 0.0)	('>5k', 0.5946021929902012)	('>10k+', 0.0)
PID-2861-21_S216_R1_001	(1.0, 56.72801525024275)	(2.0, 22.1019851519874)	(3.0, 9.547001396549689)	(4.0, 4.5315998783575475)	(5.0, 2.2130365436552126)	(6.0, 1.2010627422612732)	(7.0, 0.7575122243877754)	(8.0, 0.5156918260608817)	(9.0, 0.36097486559105874)	('>10', 1.9762438218935037)	('>50', 0.06687629901291701)	('>100', 0.0)	('>500', 0.0)	('>1k', 0.0)	('>5k', 0.0)	('>10k+', 0.0)
PID-2861-21_S216_R2_001	(1.0, 59.155415653297425)	(2.0, 21.03120025595891)	(3.0, 8.814058972388173)	(4.0, 3.9916313083808093)	(5.0, 2.0821889145921286)	(6.0, 1.1328740150846222)	(7.0, 0.66493217098804)	(8.0, 0.45209061029107417)	(9.0, 0.30916588237479514)	('>10', 1.7171519831340714)	('>50', 0.037075742616521114)	('>100', 0.0)	('>500', 0.0)	('>1k', 0.0)	('>5k', 0.6122144908934183)	('>10k+', 0.0)
PID-2861-22_S217_R1_001	(1.0, 57.499775243695005)	(2.0, 22.44503881665745)	(3.0, 9.820125370517408)	(4.0, 4.441312282503575)	(5.0, 2.0481905657744575)	(6.0, 1.161359040369106)	(7.0, 0.6720855621486445)	(8.0, 0.42718187274988006)	(9.0, 0.25919875041070667)	('>10', 1.190689182239284)	('>50', 0.035043312934481555)	('>100', 0.0)	('>500', 0.0)	('>1k', 0.0)	('>5k', 0.0)	('>10k+', 0.0)
PID-2861-22_S217_R2_001	(1.0, 59.2848903251162)	(2.0, 21.68869389331891)	(3.0, 9.030881094556513)	(4.0, 4.0336117076818185)	(5.0, 2.0210094820486697)	(6.0, 1.0996786603550306)	(7.0, 0.6004529561518969)	(8.0, 0.32990719236863514)	(9.0, 0.25088157661894406)	('>10', 1.0898630982053974)	('>50', 0.03696214889824218)	('>100', 0.0)	('>500', 0.0)	('>1k', 0.5331678646797644)	('>5k', 0.0)	('>10k+', 0.0)
PID-2861-23_S218_R1_001	(1.0, 55.996914754635895)	(2.0, 23.021494867213093)	(3.0, 10.252892946033136)	(4.0, 4.573657678446363)	(5.0, 2.2627339908087194)	(6.0, 1.1796869794517537)	(7.0, 0.6457484775180545)	(8.0, 0.3781991037539423)	(9.0, 0.26885681146334345)	('>10', 1.2718983534289743)	('>50', 0.14791603724676355)	('>100', 0.0)	('>500', 0.0)	('>1k', 0.0)	('>5k', 0.0)	('>10k+', 0.0)
PID-2861-23_S218_R2_001	(1.0, 58.015211958769406)	(2.0, 21.866277639804245)	(3.0, 9.392608095627693)	(4.0, 4.201480129286854)	(5.0, 2.231402205143798)	(6.0, 1.1408146451255605)	(7.0, 0.6614309308311003)	(8.0, 0.37803229902604846)	(9.0, 0.24051814737930227)	('>10', 1.1461679013067319)	('>50', 0.1336153960738689)	('>100', 0.0)	('>500', 0.0)	('>1k', 0.5924406516253594)	('>5k', 0.0)	('>10k+', 0.0)
PID-2861-24_S219_R1_001	(1.0, 55.59696844435391)	(2.0, 23.069434925062534)	(3.0, 10.192945627245173)	(4.0, 4.734791150477418)	(5.0, 2.330059617652882)	(6.0, 1.2431194279474196)	(7.0, 0.7131756559723018)	(8.0, 0.39860997127555187)	(9.0, 0.30926474956431604)	('>10', 1.2712994633300962)	('>50', 0.11667451930627142)	('>100', 0.023656447812098334)	('>500', 0.0)	('>1k', 0.0)	('>5k', 0.0)	('>10k+', 0.0)
PID-2861-24_S219_R2_001	(1.0, 56.97809426645256)	(2.0, 22.224664478017043)	(3.0, 9.84064502776126)	(4.0, 4.446679525375597)	(5.0, 2.266868616869819)	(6.0, 1.1668496885033444)	(7.0, 0.6557741427173817)	(8.0, 0.3944228205279069)	(9.0, 0.24234974487517108)	('>10', 1.135662435220573)	('>50', 0.10805532063822396)	('>100', 0.0)	('>500', 0.0)	('>1k', 0.5399339330411043)	('>5k', 0.0)	('>10k+', 0.0)
PID-2861-25_S220_R1_001	(1.0, 55.17026267634565)	(2.0, 23.320998885501833)	(3.0, 10.54740164137818)	(4.0, 4.957111068972776)	(5.0, 2.4978573532596333)	(6.0, 1.3323403357466728)	(7.0, 0.7029665724903452)	(8.0, 0.46931828455700886)	(9.0, 0.26291002177673223)	('>10', 0.7388331599711674)	('>50', 0.0)	('>100', 0.0)	('>500', 0.0)	('>1k', 0.0)	('>5k', 0.0)	('>10k+', 0.0)
PID-2861-25_S220_R2_001	(1.0, 57.015017621146534)	(2.0, 22.327231347554914)	(3.0, 10.05209747247594)	(4.0, 4.664627907734301)	(5.0, 2.2593406889933147)	(6.0, 1.2021459254081002)	(7.0, 0.6689496363744157)	(8.0, 0.42841766616090365)	(9.0, 0.2546861407978078)	('>10', 0.664699193837771)	('>50', 0.0)	('>100', 0.0)	('>500', 0.0)	('>1k', 0.46278639951601613)	('>5k', 0.0)	('>10k+', 0.0)
PID-2861-26_S221_R1_001	(1.0, 53.043253520062684)	(2.0, 23.47061811068723)	(3.0, 10.775436816375894)	(4.0, 5.314264815921316)	(5.0, 2.8576801823567872)	(6.0, 1.453924563173421)	(7.0, 0.8687850039670298)	(8.0, 0.5563282874727628)	(9.0, 0.36314577171569223)	('>10', 1.2797514917895592)	('>50', 0.016811436477633047)	('>100', 0.0)	('>500', 0.0)	('>1k', 0.0)	('>5k', 0.0)	('>10k+', 0.0)
PID-2861-26_S221_R2_001	(1.0, 54.638787145473735)	(2.0, 22.405634329629073)	(3.0, 10.408607937413828)	(4.0, 5.161849186785621)	(5.0, 2.6077877698173215)	(6.0, 1.3864406183180795)	(7.0, 0.8431254560853705)	(8.0, 0.5013712166294095)	(9.0, 0.3784883585503494)	('>10', 1.2076379516296507)	('>50', 0.012603743205906666)	('>100', 0.0)	('>500', 0.0)	('>1k', 0.44766628646164786)	('>5k', 0.0)	('>10k+', 0.0)
PID-2861-27_S222_R1_001	(1.0, 52.68561185853534)	(2.0, 23.2526723601975)	(3.0, 11.039933083514848)	(4.0, 5.628327015165251)	(5.0, 3.0279133663866826)	(6.0, 1.6098201668554752)	(7.0, 0.9430501075703164)	(8.0, 0.5354093753572267)	(9.0, 0.36688450753434276)	('>10', 0.9103781588829322)	('>50', 0.0)	('>100', 0.0)	('>500', 0.0)	('>1k', 0.0)	('>5k', 0.0)	('>10k+', 0.0)
PID-2861-27_S222_R2_001	(1.0, 53.215360210462556)	(2.0, 22.744001023995846)	(3.0, 10.997684370897403)	(4.0, 5.3612664072083165)	(5.0, 2.9074594862102843)	(6.0, 1.5274348531144617)	(7.0, 0.9577999794161502)	(8.0, 0.5839742065746657)	(9.0, 0.3395528847213813)	('>10', 0.9510676175540786)	('>50', 0.005714576403554283)	('>100', 0.0)	('>500', 0.0)	('>1k', 0.40868438344128527)	('>5k', 0.0)	('>10k+', 0.0)
PID-2861-28_S223_R1_001	(1.0, 55.05675130186464)	(2.0, 23.811976799234962)	(3.0, 10.632285590899764)	(4.0, 4.775147589921506)	(5.0, 2.494817365930409)	(6.0, 1.2898733469397403)	(7.0, 0.6534389091907291)	(8.0, 0.3856674538071057)	(9.0, 0.2530328641643803)	('>10', 0.6470087780467959)	('>50', 0.0)	('>100', 0.0)	('>500', 0.0)	('>1k', 0.0)	('>5k', 0.0)	('>10k+', 0.0)
PID-2861-28_S223_R2_001	(1.0, 56.64027682672842)	(2.0, 22.731596258286956)	(3.0, 10.158178130914363)	(4.0, 4.705366429189158)	(5.0, 2.2996531193438625)	(6.0, 1.216818194995669)	(7.0, 0.6847891661723637)	(8.0, 0.39410984524823073)	(9.0, 0.2294608517299046)	('>10', 0.5801904459380424)	('>50', 0.0)	('>100', 0.0)	('>500', 0.0)	('>1k', 0.3595607314529828)	('>5k', 0.0)	('>10k+', 0.0)
PID-2861-29_S224_R1_001	(1.0, 56.53908187886867)	(2.0, 23.121760982564222)	(3.0, 9.897917719070104)	(4.0, 4.539816908114976)	(5.0, 2.257428733482433)	(6.0, 1.180393952035421)	(7.0, 0.6536351162559907)	(8.0, 0.4095546322821669)	(9.0, 0.2787555820433308)	('>10', 1.1003339455918386)	('>50', 0.021320549690819125)	('>100', 0.0)	('>500', 0.0)	('>1k', 0.0)	('>5k', 0.0)	('>10k+', 0.0)
PID-2861-29_S224_R2_001	(1.0, 59.05820376206837)	(2.0, 21.68242580807293)	(3.0, 9.28500093339116)	(4.0, 4.16023385807057)	(5.0, 2.0278506991423524)	(6.0, 1.088499447197297)	(7.0, 0.6058643511100273)	(8.0, 0.35218776854645784)	(9.0, 0.266792430190362)	('>10', 1.02270821855074)	('>50', 0.023900625408284318)	('>100', 0.0)	('>500', 0.0)	('>1k', 0.4263320982514381)	('>5k', 0.0)	('>10k+', 0.0)
PID-2861-2_S197_R1_001	(1.0, 57.90956135041259)	(2.0, 22.373689996418292)	(3.0, 9.455411832646346)	(4.0, 4.1046005251609845)	(5.0, 2.0190295566350565)	(6.0, 1.0550834128883138)	(7.0, 0.5409310810631807)	(8.0, 0.3678961825697153)	(9.0, 0.2549244964537679)	('>10', 1.4528834220295015)	('>50', 0.23104901636619912)	('>100', 0.2349391273560382)	('>500', 0.0)	('>1k', 0.0)	('>5k', 0.0)	('>10k+', 0.0)
PID-2861-2_S197_R2_001	(1.0, 59.233603543466764)	(2.0, 21.413146998479718)	(3.0, 8.973614539026373)	(4.0, 4.067329115997991)	(5.0, 1.9140727302301537)	(6.0, 1.0368947297665514)	(7.0, 0.5494841062680668)	(8.0, 0.30615968971403995)	(9.0, 0.24163340014320517)	('>10', 1.315268729255133)	('>50', 0.23576550153907128)	('>100', 0.21073880643522144)	('>500', 0.0)	('>1k', 0.5022881096777337)	('>5k', 0.0)	('>10k+', 0.0)
PID-2861-30_S225_R1_001	(1.0, 59.05952583536713)	(2.0, 22.17978578336213)	(3.0, 9.020590974309945)	(4.0, 4.152438803485994)	(5.0, 1.9231633245805477)	(6.0, 1.0628028862399606)	(7.0, 0.654504931997637)	(8.0, 0.3902077166741975)	(9.0, 0.22589404041393948)	('>10', 1.3073604065811026)	('>50', 0.02372529698740851)	('>100', 0.0)	('>500', 0.0)	('>1k', 0.0)	('>5k', 0.0)	('>10k+', 0.0)
PID-2861-30_S225_R2_001	(1.0, 59.41364618355966)	(2.0, 21.664228654978267)	(3.0, 9.07548812772538)	(4.0, 4.077650403021703)	(5.0, 1.9374693970974564)	(6.0, 1.0650641533265472)	(7.0, 0.5954823910220404)	(8.0, 0.39887072327193396)	(9.0, 0.2502472967007794)	('>10', 1.1663194549293638)	('>50', 0.0462824302726136)	('>100', 0.0)	('>500', 0.0)	('>1k', 0.30925078409428175)	('>5k', 0.0)	('>10k+', 0.0)
PID-2861-31_S226_R1_001	(1.0, 67.59338410693637)	(2.0, 20.583229016649312)	(3.0, 7.05491632456074)	(4.0, 2.6708186208887517)	(5.0, 1.1338488443078252)	(6.0, 0.4655602079196999)	(7.0, 0.2224919867950313)	(8.0, 0.10414874594758018)	(9.0, 0.05958492762447084)	('>10', 0.11201721837022617)	('>50', 0.0)	('>100', 0.0)	('>500', 0.0)	('>1k', 0.0)	('>5k', 0.0)	('>10k+', 0.0)
PID-2861-31_S226_R2_001	(1.0, 69.19700914602434)	(2.0, 19.447885855434798)	(3.0, 6.573709349114373)	(4.0, 2.497141092855881)	(5.0, 0.9230779486796873)	(6.0, 0.41979672582101185)	(7.0, 0.20616590490492073)	(8.0, 0.103780067178995)	(9.0, 0.04912661022043291)	('>10', 0.06553790598629096)	('>50', 0.0)	('>100', 0.0)	('>500', 0.0)	('>1k', 0.5167693937792432)	('>5k', 0.0)	('>10k+', 0.0)
PID-2861-32_S227_R1_001	(1.0, 58.30889919919991)	(2.0, 23.147548560489053)	(3.0, 9.760667120367895)	(4.0, 4.437875314839539)	(5.0, 1.9885825452753279)	(6.0, 1.000075748376234)	(7.0, 0.5246570220581097)	(8.0, 0.26701343084124807)	(9.0, 0.20730836320138382)	('>10', 0.3573726953513664)	('>50', 0.0)	('>100', 0.0)	('>500', 0.0)	('>1k', 0.0)	('>5k', 0.0)	('>10k+', 0.0)
PID-2861-32_S227_R2_001	(1.0, 60.09658560270176)	(2.0, 22.185328931804282)	(3.0, 9.199030728738364)	(4.0, 4.074293308488083)	(5.0, 1.9284162280118582)	(6.0, 0.8333141910354382)	(7.0, 0.5669134362619936)	(8.0, 0.2659052738305115)	(9.0, 0.20132069076488693)	('>10', 0.3080921318463868)	('>50', 0.0)	('>100', 0.0)	('>500', 0.0)	('>1k', 0.34079947651641973)	('>5k', 0.0)	('>10k+', 0.0)
PID-2861-33_S228_R1_001	(1.0, 50.82993028048539)	(2.0, 23.653092224125473)	(3.0, 11.65079837563959)	(4.0, 5.894089472589563)	(5.0, 3.190879808578404)	(6.0, 1.6831352452037718)	(7.0, 1.059622488717795)	(8.0, 0.6121522929323855)	(9.0, 0.4074804278748685)	('>10', 1.0188193838527304)	('>50', 0.0)	('>100', 0.0)	('>500', 0.0)	('>1k', 0.0)	('>5k', 0.0)	('>10k+', 0.0)
PID-2861-33_S228_R2_001	(1.0, 52.84438077447179)	(2.0, 22.86094891797432)	(3.0, 10.961546465627107)	(4.0, 5.599227633859606)	(5.0, 2.9477386356557957)	(6.0, 1.5944942555130095)	(7.0, 0.9065888914398227)	(8.0, 0.5733584508446513)	(9.0, 0.36344287237567907)	('>10', 0.908987689131092)	('>50', 0.0)	('>100', 0.0)	('>500', 0.0)	('>1k', 0.43928541310715874)	('>5k', 0.0)	('>10k+', 0.0)
PID-2861-34_S229_R1_001	(1.0, 57.28298081661982)	(2.0, 22.85046725759033)	(3.0, 9.891525497622675)	(4.0, 4.6814069691697275)	(5.0, 2.2442252951579973)	(6.0, 1.1725883499931293)	(7.0, 0.6639527483549915)	(8.0, 0.4136278030618669)	(9.0, 0.23829831052193845)	('>10', 0.5609269519075099)	('>50', 0.0)	('>100', 0.0)	('>500', 0.0)	('>1k', 0.0)	('>5k', 0.0)	('>10k+', 0.0)
PID-2861-34_S229_R2_001	(1.0, 58.85761354088316)	(2.0, 22.142605421329748)	(3.0, 9.202433797417127)	(4.0, 4.437956460611414)	(5.0, 2.218188569870324)	(6.0, 1.1114406564350923)	(7.0, 0.5529503044844621)	(8.0, 0.3611886837835899)	(9.0, 0.2360843312437287)	('>10', 0.5555039819452702)	('>50', 0.0)	('>100', 0.0)	('>500', 0.0)	('>1k', 0.3240342519961081)	('>5k', 0.0)	('>10k+', 0.0)
PID-2861-35_S230_R1_001	(1.0, 57.527878246393705)	(2.0, 22.757287133273454)	(3.0, 9.585158369692918)	(4.0, 4.302960261594029)	(5.0, 2.1076809965001653)	(6.0, 1.1166647317295555)	(7.0, 0.7430623752832185)	(8.0, 0.4316463970698802)	(9.0, 0.2871204000864741)	('>10', 1.1265857510412)	('>50', 0.013955337335403332)	('>100', 0.0)	('>500', 0.0)	('>1k', 0.0)	('>5k', 0.0)	('>10k+', 0.0)
PID-2861-35_S230_R2_001	(1.0, 59.358502183060814)	(2.0, 21.70251625740786)	(3.0, 9.194386904244825)	(4.0, 4.067084638265316)	(5.0, 1.9633966888694256)	(6.0, 1.057874087160345)	(7.0, 0.595870088535407)	(8.0, 0.38894412738402856)	(9.0, 0.2752698427924717)	('>10', 1.0330008431954993)	('>50', 0.0)	('>100', 0.0)	('>500', 0.0)	('>1k', 0.36315433908404005)	('>5k', 0.0)	('>10k+', 0.0)
PID-2861-36_S231_R1_001	(1.0, 46.4493091008312)	(2.0, 19.857854487413455)	(3.0, 9.587611118181117)	(4.0, 5.135436071270583)	(5.0, 3.027694868448238)	(6.0, 2.202702426206673)	(7.0, 1.5248984381206097)	(8.0, 1.1930241309508045)	(9.0, 0.9619133229685826)	('>10', 8.712507645058386)	('>50', 1.1878818844973873)	('>100', 0.15916650605295418)	('>500', 0.0)	('>1k', 0.0)	('>5k', 0.0)	('>10k+', 0.0)
PID-2861-36_S231_R2_001	(1.0, 48.23702488920193)	(2.0, 19.09089108143709)	(3.0, 9.248105386579875)	(4.0, 4.795724120062248)	(5.0, 2.9336368270382085)	(6.0, 1.999234870297971)	(7.0, 1.4632321003491762)	(8.0, 1.1490917965940528)	(9.0, 0.9351317185400915)	('>10', 8.439553241033943)	('>50', 1.1510907952975353)	('>100', 0.11017860413243231)	('>500', 0.0)	('>1k', 0.4471045694354457)	('>5k', 0.0)	('>10k+', 0.0)
PID-2861-37_S232_R1_001	(1.0, 76.01330992578487)	(2.0, 15.210767646139987)	(3.0, 4.538911933452241)	(4.0, 1.7643395455058897)	(5.0, 0.7381755600804969)	(6.0, 0.4231951779099056)	(7.0, 0.2795026416549895)	(8.0, 0.200639140745909)	(9.0, 0.14169238558679043)	('>10', 0.6894660431389257)	('>50', 0.0)	('>100', 0.0)	('>500', 0.0)	('>1k', 0.0)	('>5k', 0.0)	('>10k+', 0.0)
PID-2861-37_S232_R2_001	(1.0, 68.55708667771245)	(2.0, 19.230151233793904)	(3.0, 6.096206697916555)	(4.0, 2.403998275655137)	(5.0, 1.06840682639717)	(6.0, 0.6274733995255568)	(7.0, 0.3600605320138793)	(8.0, 0.2539537449404452)	(9.0, 0.19544646577985184)	('>10', 0.9815516927054327)	('>50', 0.012101879212976008)	('>100', 0.0)	('>500', 0.21356257434663545)	('>1k', 0.0)	('>5k', 0.0)	('>10k+', 0.0)
PID-2861-38_S233_R1_001	(1.0, 49.84308102089735)	(2.0, 22.423221325782222)	(3.0, 10.862436432500282)	(4.0, 5.581135484543883)	(5.0, 3.1255346321649147)	(6.0, 1.851540562717128)	(7.0, 1.1356671863107553)	(8.0, 0.8577190961759931)	(9.0, 0.5188337947833072)	('>10', 3.5356083511630243)	('>50', 0.24181711587827662)	('>100', 0.023404997082865316)	('>500', 0.0)	('>1k', 0.0)	('>5k', 0.0)	('>10k+', 0.0)
PID-2861-38_S233_R2_001	(1.0, 51.759822506689154)	(2.0, 21.571915075151804)	(3.0, 10.442787888978295)	(4.0, 5.355937144261385)	(5.0, 2.893364402296021)	(6.0, 1.72423568642323)	(7.0, 1.0803864255839346)	(8.0, 0.7200362444421584)	(9.0, 0.4980793704806115)	('>10', 3.371074311626031)	('>50', 0.22052260015002273)	('>100', 0.013389975721393253)	('>500', 0.0)	('>1k', 0.34844836819594904)	('>5k', 0.0)	('>10k+', 0.0)
PID-2861-39_S234_R1_001	(1.0, 58.724221081363225)	(2.0, 22.65995666794511)	(3.0, 9.640065711190864)	(4.0, 4.282568060719613)	(5.0, 2.037747850096591)	(6.0, 1.0396479509783891)	(7.0, 0.5548342936342125)	(8.0, 0.32335898140950686)	(9.0, 0.1824107287799255)	('>10', 0.5551886738825564)	('>50', 0.0)	('>100', 0.0)	('>500', 0.0)	('>1k', 0.0)	('>5k', 0.0)	('>10k+', 0.0)
PID-2861-39_S234_R2_001	(1.0, 60.6102601350831)	(2.0, 21.62387327726181)	(3.0, 8.98478029362467)	(4.0, 3.975700442529072)	(5.0, 1.8478111633283067)	(6.0, 0.9575752531983099)	(7.0, 0.5193773710450144)	(8.0, 0.3051836190831537)	(9.0, 0.17861317979636174)	('>10', 0.47020904246752404)	('>50', 0.0)	('>100', 0.0)	('>500', 0.0)	('>1k', 0.5266162225826783)	('>5k', 0.0)	('>10k+', 0.0)
PID-2861-3_S198_R1_001	(1.0, 62.575855615360176)	(2.0, 20.86510256094521)	(3.0, 8.094692326012659)	(4.0, 3.423668137841224)	(5.0, 1.6149323001843086)	(6.0, 0.7960674944264665)	(7.0, 0.46466610812611003)	(8.0, 0.2630520694538425)	(9.0, 0.11970443228501415)	('>10', 1.3268621767153683)	('>50', 0.25622242833459513)	('>100', 0.1991743503150371)	('>500', 0.0)	('>1k', 0.0)	('>5k', 0.0)	('>10k+', 0.0)
PID-2861-3_S198_R2_001	(1.0, 59.82363261930438)	(2.0, 21.90217516871155)	(3.0, 8.691433097901452)	(4.0, 3.874176334151457)	(5.0, 1.6675014649114133)	(6.0, 0.9096705427058945)	(7.0, 0.4802610060480112)	(8.0, 0.3008349294507316)	(9.0, 0.18020895067156326)	('>10', 1.340754767191461)	('>50', 0.29361965807485557)	('>100', 0.24385361433335462)	('>500', 0.0)	('>1k', 0.29187784654390303)	('>5k', 0.0)	('>10k+', 0.0)
PID-2861-40_S235_R1_001	(1.0, 57.4395720615251)	(2.0, 23.087586647398)	(3.0, 9.789664334941312)	(4.0, 4.385526108988333)	(5.0, 2.11150867418414)	(6.0, 1.2120327205000698)	(7.0, 0.6462481938634834)	(8.0, 0.3711522316348628)	(9.0, 0.2240866944583247)	('>10', 0.7106799834158288)	('>50', 0.0219423490905421)	('>100', 0.0)	('>500', 0.0)	('>1k', 0.0)	('>5k', 0.0)	('>10k+', 0.0)
PID-2861-40_S235_R2_001	(1.0, 59.18326167770842)	(2.0, 21.99364439824564)	(3.0, 9.237061815550948)	(4.0, 4.151942571590895)	(5.0, 2.0180351715887195)	(6.0, 1.0763610250668403)	(7.0, 0.5634031363880921)	(8.0, 0.2861906861046735)	(9.0, 0.2322105889701578)	('>10', 0.7185386162869469)	('>50', 0.014643524991818806)	('>100', 0.0)	('>500', 0.0)	('>1k', 0.5247067875068514)	('>5k', 0.0)	('>10k+', 0.0)
PID-2861-4_S199_R1_001	(1.0, 59.74696224667496)	(2.0, 22.388858253831163)	(3.0, 9.180033831175132)	(4.0, 3.6873968307431895)	(5.0, 1.6877184617979928)	(6.0, 0.8193206390316408)	(7.0, 0.42946567782525075)	(8.0, 0.2797549984200797)	(9.0, 0.16324782458200482)	('>10', 1.2514283909096213)	('>50', 0.22396952000713144)	('>100', 0.14184332500181226)	('>500', 0.0)	('>1k', 0.0)	('>5k', 0.0)	('>10k+', 0.0)
PID-2861-4_S199_R2_001	(1.0, 61.42190531151874)	(2.0, 21.492444500148984)	(3.0, 8.470687400818163)	(4.0, 3.5037511643424613)	(5.0, 1.563992689714071)	(6.0, 0.7562155591858564)	(7.0, 0.40759384113598274)	(8.0, 0.27013596272555185)	(9.0, 0.12277959330579058)	('>10', 1.2377060877365949)	('>50', 0.19454745389706984)	('>100', 0.1383261290394389)	('>500', 0.0)	('>1k', 0.41991430643129923)	('>5k', 0.0)	('>10k+', 0.0)
PID-2861-5_S200_R1_001	(1.0, 61.57760952300212)	(2.0, 21.747993530536597)	(3.0, 8.184519263209665)	(4.0, 3.345700911620612)	(5.0, 1.5620872869207538)	(6.0, 0.7860007033532195)	(7.0, 0.47804515592219604)	(8.0, 0.3190130120396431)	(9.0, 0.24614450053407275)	('>10', 1.506860656379983)	('>50', 0.15944416748280352)	('>100', 0.086581288998373)	('>500', 0.0)	('>1k', 0.0)	('>5k', 0.0)	('>10k+', 0.0)
PID-2861-5_S200_R2_001	(1.0, 62.966657546371586)	(2.0, 20.745745558253514)	(3.0, 7.772359548169259)	(4.0, 3.1400399434342225)	(5.0, 1.5016065913263184)	(6.0, 0.7649946781270998)	(7.0, 0.46518882770481873)	(8.0, 0.29848077391066535)	(9.0, 0.20726106603537126)	('>10', 1.4420864381677878)	('>50', 0.18393457285818543)	('>100', 0.05277339039318126)	('>500', 0.0)	('>1k', 0.4588710652480273)	('>5k', 0.0)	('>10k+', 0.0)
PID-2861-6_S201_R1_001	(1.0, 58.60427612640694)	(2.0, 20.938485620015236)	(3.0, 8.288372101996915)	(4.0, 3.696286822433733)	(5.0, 1.9137787951688123)	(6.0, 1.214505869831848)	(7.0, 0.6973001122207457)	(8.0, 0.5782306022802027)	(9.0, 0.4524343142322986)	('>10', 3.1914224584262607)	('>50', 0.28208843403083733)	('>100', 0.14281874295617664)	('>500', 0.0)	('>1k', 0.0)	('>5k', 0.0)	('>10k+', 0.0)
PID-2861-6_S201_R2_001	(1.0, 60.121378291389284)	(2.0, 20.172133829768892)	(3.0, 7.901520869324999)	(4.0, 3.4698612666748256)	(5.0, 1.729642018754525)	(6.0, 1.0251541123163121)	(7.0, 0.7579660891134495)	(8.0, 0.495433336808831)	(9.0, 0.4370288523097806)	('>10', 3.089074429472547)	('>50', 0.27944444741541347)	('>100', 0.11002897408012369)	('>500', 0.0)	('>1k', 0.4113334825710584)	('>5k', 0.0)	('>10k+', 0.0)
PID-2861-7_S202_R1_001	(1.0, 57.261195986227264)	(2.0, 22.498925991284686)	(3.0, 9.461563782033018)	(4.0, 4.1749563904023965)	(5.0, 2.0187158583394753)	(6.0, 1.1354129130704764)	(7.0, 0.6038768110697158)	(8.0, 0.3901421750229521)	(9.0, 0.2508452655531447)	('>10', 1.7660538731857172)	('>50', 0.26144054259965305)	('>100', 0.17687041121150401)	('>500', 0.0)	('>1k', 0.0)	('>5k', 0.0)	('>10k+', 0.0)
PID-2861-7_S202_R2_001	(1.0, 58.62064798455554)	(2.0, 21.694116327490736)	(3.0, 9.046819707382904)	(4.0, 4.049013724246884)	(5.0, 1.9187785047674302)	(6.0, 0.9746342569702159)	(7.0, 0.6141017353882677)	(8.0, 0.35903490177268615)	(9.0, 0.23647575458532422)	('>10', 1.6785446106746715)	('>50', 0.2536511499945939)	('>100', 0.13364538675720583)	('>500', 0.0)	('>1k', 0.4205359554135405)	('>5k', 0.0)	('>10k+', 0.0)
PID-2861-8_S203_R1_001	(1.0, 58.06718750829568)	(2.0, 22.178132699049296)	(3.0, 9.245867765314424)	(4.0, 3.9528784757739217)	(5.0, 2.039551798218688)	(6.0, 1.0635275334382064)	(7.0, 0.5945841190016162)	(8.0, 0.3631155059478712)	(9.0, 0.2709622341332601)	('>10', 1.8312208852236092)	('>50', 0.2319952084887745)	('>100', 0.16097626711465987)	('>500', 0.0)	('>1k', 0.0)	('>5k', 0.0)	('>10k+', 0.0)
PID-2861-8_S203_R2_001	(1.0, 60.99819127807229)	(2.0, 20.474983357331514)	(3.0, 8.45922632927757)	(4.0, 3.5914123814695795)	(5.0, 1.7488731878850754)	(6.0, 0.9384938137848018)	(7.0, 0.521538401409269)	(8.0, 0.3137101167024933)	(9.0, 0.23560715622429457)	('>10', 1.7089009939994608)	('>50', 0.23830681800823028)	('>100', 0.14640123636775534)	('>500', 0.0)	('>1k', 0.0)	('>5k', 0.6243549294676737)	('>10k+', 0.0)
PID-2861-9_S204_R1_001	(1.0, 55.27894570461548)	(2.0, 23.575762155067032)	(3.0, 10.796846667554917)	(4.0, 5.002252186528343)	(5.0, 2.3686385036729494)	(6.0, 1.2269353976456296)	(7.0, 0.6640980452277778)	(8.0, 0.39608949802041393)	(9.0, 0.24331666043337002)	('>10', 0.4471151812341069)	('>50', 0.0)	('>100', 0.0)	('>500', 0.0)	('>1k', 0.0)	('>5k', 0.0)	('>10k+', 0.0)
PID-2861-9_S204_R2_001	(1.0, 56.95430353879198)	(2.0, 22.885438685888467)	(3.0, 10.135832057442318)	(4.0, 4.603920914621004)	(5.0, 2.2552265037507997)	(6.0, 1.133568729981919)	(7.0, 0.6755160788220615)	(8.0, 0.3629269064259193)	(9.0, 0.21184817866071257)	('>10', 0.43527892003916835)	('>50', 0.0)	('>100', 0.0)	('>500', 0.0)	('>1k', 0.34613948557567387)	('>5k', 0.0)	('>10k+', 0.0)
