Sample	0	1	2	3	4	5	6	7	8	9	10	11	12	13	14	15	16	17	18	19	20	21	22	23	24	25	26	27	28	29	30	31	32	33	34	35	36	37
PID-2861-10_S205_R1_001	(1, 0.0001229826237850854)	(2, 0.029023899213280153)	(3, 0.0033205308421973057)	(4, 0.0)	(5, 0.0)	(6, 0.0)	(7, 0.0)	(8, 0.0)	(9, 0.0)	(10, 0.0)	(15, 0.0)	(20, 0.0)	(25, 0.0)	(30, 0.09936996001834901)	(35, 0.08601404707528873)	(40, 0.0)	(45, 0.0)	(50, 0.0)	(55, 0.0)	(60, 4.919304951403416e-05)	(65, 0.0)	(70, 0.0)	(75, 0.0)	(80, 0.0)	(85, 0.0)	(90, 4.919304951403416e-05)	(95, 0.0)	(100, 0.0)	(105, 2.459652475701708e-05)	(110, 0.0)	(115, 0.0)	(120, 0.0005411235446543758)	(125, 0.0)	(130, 0.0)	(135, 0.0)	(140, 0.00022137231650633162)	(145, 0.0)	(150, 0.0)
PID-2861-10_S205_R2_001	(1, 0.0)	(2, 0.0)	(3, 0.0023366698519166227)	(4, 0.0)	(5, 0.0)	(6, 0.0)	(7, 0.0)	(8, 0.0)	(9, 0.0)	(10, 0.0)	(15, 0.0)	(20, 0.0)	(25, 0.0)	(30, 0.00034435134659823916)	(35, 0.0)	(40, 0.0)	(45, 0.0)	(50, 0.0)	(55, 0.0)	(60, 4.919304951403416e-05)	(65, 0.0)	(70, 0.0)	(75, 0.0)	(80, 0.0)	(85, 0.0)	(90, 0.00022136872281315373)	(95, 0.0)	(100, 0.0)	(105, 0.0)	(110, 0.0)	(115, 7.378957427105124e-05)	(120, 0.0007870887922245465)	(125, 0.0)	(130, 0.00019677219805613663)	(135, 0.0)	(140, 0.0)	(145, 0.0)	(150, 0.0)
PID-2861-11_S206_R1_001	(1, 0.0003486438335946225)	(2, 0.028821223577155462)	(3, 0.00139457533437849)	(4, 0.0)	(5, 0.0)	(6, 0.0)	(7, 0.0)	(8, 0.0)	(9, 0.0)	(10, 0.0)	(15, 0.0)	(20, 0.0)	(25, 0.0)	(30, 0.09590029716076083)	(35, 0.08902039217782695)	(40, 0.0)	(45, 0.0)	(50, 0.0)	(55, 0.0)	(60, 2.32429222396415e-05)	(65, 0.0)	(70, 0.0)	(75, 0.0)	(80, 0.0)	(85, 0.0)	(90, 2.32429222396415e-05)	(95, 0.0)	(100, 0.0)	(105, 0.0)	(110, 4.6485844479283e-05)	(115, 0.0)	(120, 0.00048810136703247153)	(125, 0.0)	(130, 0.0)	(135, 0.0)	(140, 9.297259655959555e-05)	(145, 0.0)	(150, 0.0)
PID-2861-11_S206_R2_001	(1, 0.0)	(2, 0.0)	(3, 0.00232429222396415)	(4, 0.0)	(5, 0.0)	(6, 0.0)	(7, 0.0)	(8, 0.0)	(9, 0.0)	(10, 0.0)	(15, 0.0)	(20, 0.0)	(25, 0.0)	(30, 0.00032540091135498106)	(35, 2.32429222396415e-05)	(40, 0.0)	(45, 0.0)	(50, 0.0)	(55, 0.0)	(60, 4.6485844479283e-05)	(65, 4.6485844479283e-05)	(70, 0.0)	(75, 0.0)	(80, 2.32429222396415e-05)	(85, 4.6485844479283e-05)	(90, 0.00013945753343784902)	(95, 0.0)	(100, 0.0)	(105, 0.0)	(110, 0.0)	(115, 0.00013945753343784902)	(120, 0.0005345872115117545)	(125, 0.0)	(130, 4.6485844479283e-05)	(135, 4.6485844479283e-05)	(140, 0.0)	(145, 0.0)	(150, 0.00014912975332447503)
PID-2861-12_S207_R1_001	(1, 0.0)	(2, 0.02714339198801947)	(3, 0.0018719580681392735)	(4, 0.0)	(5, 0.0)	(6, 0.0)	(7, 0.0)	(8, 0.0)	(9, 0.0)	(10, 0.0)	(15, 0.0)	(20, 0.0)	(25, 0.0)	(30, 0.09466759373161471)	(35, 0.08442530887308124)	(40, 0.0)	(45, 0.0)	(50, 0.0)	(55, 0.0)	(60, 5.3484516232550676e-05)	(65, 0.0)	(70, 0.0)	(75, 0.0)	(80, 0.0)	(85, 0.0)	(90, 5.3484516232550676e-05)	(95, 0.0)	(100, 0.0)	(105, 2.6742258116275338e-05)	(110, 0.0)	(115, 5.3484516232550676e-05)	(120, 0.0005081029042092314)	(125, 0.0)	(130, 0.0)	(135, 2.6742258116275338e-05)	(140, 0.00010697017671473195)	(145, 0.0)	(150, 0.0)
PID-2861-12_S207_R2_001	(1, 0.0)	(2, 0.0)	(3, 0.0021393806493020273)	(4, 0.0)	(5, 0.0)	(6, 0.0)	(7, 0.0)	(8, 0.0)	(9, 0.0)	(10, 0.0)	(15, 0.0)	(20, 0.0)	(25, 0.0)	(30, 0.00034764935551157944)	(35, 0.0)	(40, 0.0)	(45, 0.0)	(50, 0.0)	(55, 0.0)	(60, 5.3484516232550676e-05)	(65, 0.0)	(70, 0.0)	(75, 0.0)	(80, 8.022677434882601e-05)	(85, 0.0)	(90, 8.022677434882601e-05)	(95, 0.0)	(100, 0.0)	(105, 2.6742258116275338e-05)	(110, 0.0)	(115, 0.00016045354869765203)	(120, 0.0007220409691394341)	(125, 0.0)	(130, 0.0)	(135, 2.6742258116275338e-05)	(140, 0.0)	(145, 0.0)	(150, 0.00017135904861456208)
PID-2861-13_S208_R1_001	(1, 0.00021830414788796197)	(2, 0.027397170559939225)	(3, 0.0018555852570476766)	(4, 0.0)	(5, 0.0)	(6, 0.0)	(7, 0.0)	(8, 0.0)	(9, 0.0)	(10, 0.0)	(15, 0.0)	(20, 0.0)	(25, 0.0)	(30, 0.09882628774888037)	(35, 0.08753996330307273)	(40, 0.0)	(45, 0.0)	(50, 0.0)	(55, 0.0)	(60, 0.0)	(65, 0.0)	(70, 0.0)	(75, 0.0)	(80, 0.0)	(85, 0.0)	(90, 0.0)	(95, 0.0)	(100, 0.0)	(105, 0.0)	(110, 0.0)	(115, 2.1830414788796195e-05)	(120, 0.0002837953922543505)	(125, 0.0)	(130, 0.0)	(135, 0.0)	(140, 0.0)	(145, 0.0)	(150, 0.0)
PID-2861-13_S208_R2_001	(1, 0.0)	(2, 0.0)	(3, 0.0017464331831036958)	(4, 0.0)	(5, 0.0)	(6, 0.0)	(7, 0.0)	(8, 0.0)	(9, 0.0)	(10, 0.0)	(15, 0.0)	(20, 0.0)	(25, 0.0)	(30, 0.00024013456267675816)	(35, 0.0)	(40, 0.0)	(45, 0.0)	(50, 0.0)	(55, 0.0)	(60, 2.1830414788796195e-05)	(65, 0.0)	(70, 0.0)	(75, 0.0)	(80, 0.0)	(85, 0.0)	(90, 6.549124436638857e-05)	(95, 0.0)	(100, 0.0)	(105, 0.0)	(110, 0.0)	(115, 0.0)	(120, 0.00037111705140953534)	(125, 0.0)	(130, 0.0)	(135, 0.0)	(140, 0.0)	(145, 0.0)	(150, 0.0)
PID-2861-14_S209_R1_001	(1, 0.0)	(2, 0.029432674380480077)	(3, 0.0012985003403152974)	(4, 0.0)	(5, 0.0)	(6, 0.0)	(7, 0.0)	(8, 0.0)	(9, 0.0)	(10, 0.0)	(15, 0.0)	(20, 0.0)	(25, 0.0)	(30, 0.09948676774049038)	(35, 0.0940979913281819)	(40, 0.0)	(45, 0.0)	(50, 0.0)	(55, 0.0)	(60, 4.328334467717658e-05)	(65, 0.0)	(70, 0.0)	(75, 0.0)	(80, 0.0)	(85, 0.0)	(90, 2.164167233858829e-05)	(95, 0.0)	(100, 0.0)	(105, 0.0)	(110, 6.492501701576487e-05)	(115, 8.656668935435317e-05)	(120, 0.00043283344677176583)	(125, 6.492501701576487e-05)	(130, 0.0)	(135, 0.0)	(140, 4.3283653798292115e-05)	(145, 0.0)	(150, 0.0)
PID-2861-14_S209_R2_001	(1, 0.00021641672338588292)	(2, 0.0)	(3, 0.0019477505104729463)	(4, 0.0)	(5, 0.0)	(6, 0.0)	(7, 0.0)	(8, 0.0)	(9, 0.0)	(10, 0.0)	(15, 0.0)	(20, 0.0)	(25, 0.0)	(30, 0.0003029834127402361)	(35, 0.0)	(40, 0.0)	(45, 0.0)	(50, 0.0)	(55, 0.0)	(60, 4.328334467717658e-05)	(65, 2.164167233858829e-05)	(70, 0.0)	(75, 0.0)	(80, 0.0)	(85, 4.328334467717658e-05)	(90, 0.00015149170637011804)	(95, 0.0)	(100, 0.0)	(105, 0.0)	(110, 0.0)	(115, 4.328334467717658e-05)	(120, 0.0005410418084647073)	(125, 2.164167233858829e-05)	(130, 6.492501701576487e-05)	(135, 0.0)	(140, 0.0)	(145, 0.0)	(150, 0.00020820479578926622)
PID-2861-15_S210_R1_001	(1, 0.0)	(2, 0.02974207671076425)	(3, 0.0009914025570254752)	(4, 0.0)	(5, 0.0)	(6, 0.0)	(7, 0.0)	(8, 0.0)	(9, 0.0)	(10, 0.0)	(15, 0.0)	(20, 0.0)	(25, 0.0)	(30, 0.09331080866723772)	(35, 0.09473842834935439)	(40, 0.0)	(45, 0.0)	(50, 0.0)	(55, 0.0)	(60, 0.000158624409124076)	(65, 0.0)	(70, 0.0)	(75, 0.0)	(80, 0.0)	(85, 0.0)	(90, 0.00011896830684305702)	(95, 0.0)	(100, 0.0)	(105, 0.0)	(110, 0.00011896830684305702)	(115, 0.000158624409124076)	(120, 0.0006741537387773231)	(125, 7.9312204562038e-05)	(130, 0.0)	(135, 0.0)	(140, 3.965687287315234e-05)	(145, 0.0)	(150, 0.0)
PID-2861-15_S210_R2_001	(1, 0.00039656102281019007)	(2, 0.0)	(3, 0.00277592715967133)	(4, 0.0)	(5, 0.0)	(6, 0.0)	(7, 0.0)	(8, 0.0)	(9, 0.0)	(10, 0.0)	(15, 0.0)	(20, 0.0)	(25, 0.0)	(30, 0.000356904920529171)	(35, 3.9656102281019e-05)	(40, 0.0)	(45, 0.0)	(50, 0.0)	(55, 0.0)	(60, 0.00019828051140509504)	(65, 3.9656102281019e-05)	(70, 0.0)	(75, 0.0)	(80, 0.0)	(85, 3.9656102281019e-05)	(90, 0.00023793661368611403)	(95, 0.0)	(100, 0.0)	(105, 0.0)	(110, 0.0)	(115, 3.9656102281019e-05)	(120, 0.000713809841058342)	(125, 7.9312204562038e-05)	(130, 0.0)	(135, 3.9656102281019e-05)	(140, 0.0)	(145, 0.0)	(150, 0.00038155802861685216)
PID-2861-16_S211_R1_001	(1, 0.0008227292672224661)	(2, 0.022625054848617817)	(3, 0.0015083369899078544)	(4, 0.0)	(5, 0.0)	(6, 0.0)	(7, 0.0)	(8, 0.0)	(9, 0.0)	(10, 0.0)	(15, 0.0)	(20, 0.0)	(25, 0.0)	(30, 0.09329749890302765)	(35, 0.08452172005265468)	(40, 0.0)	(45, 0.0)	(50, 0.0)	(55, 0.0)	(60, 0.0)	(65, 0.0)	(70, 0.0)	(75, 0.0)	(80, 0.0)	(85, 0.0)	(90, 0.0)	(95, 0.0)	(100, 0.0)	(105, 0.0)	(110, 5.484861781483107e-05)	(115, 2.7424308907415534e-05)	(120, 0.00021939447125932427)	(125, 0.0)	(130, 0.0)	(135, 0.0)	(140, 0.0)	(145, 0.0)	(150, 0.0)
PID-2861-16_S211_R2_001	(1, 0.0)	(2, 0.0)	(3, 0.0010969723562966214)	(4, 0.0)	(5, 0.0)	(6, 0.0)	(7, 0.0)	(8, 0.0)	(9, 0.0)	(10, 0.0)	(15, 0.0)	(20, 0.0)	(25, 0.0)	(30, 0.00019197016235190874)	(35, 0.0)	(40, 0.0)	(45, 0.0)	(50, 0.0)	(55, 0.0)	(60, 2.7424308907415534e-05)	(65, 2.7424308907415534e-05)	(70, 0.0)	(75, 0.0)	(80, 0.0)	(85, 2.7424308907415534e-05)	(90, 0.00010969723562966213)	(95, 0.0)	(100, 0.0)	(105, 0.0)	(110, 0.0)	(115, 2.7424308907415534e-05)	(120, 0.00030166739798157086)	(125, 0.0)	(130, 0.0)	(135, 0.0)	(140, 0.0)	(145, 0.0)	(150, 0.0001760650172895847)
PID-2861-17_S212_R1_001	(1, 0.0)	(2, 0.024801018262071376)	(3, 0.0017480893929213304)	(4, 0.0)	(5, 0.0)	(6, 0.0)	(7, 0.0)	(8, 0.0)	(9, 0.0)	(10, 0.0)	(15, 0.0)	(20, 0.0)	(25, 0.0)	(30, 0.09548938308832769)	(35, 0.08570008248796823)	(40, 0.0)	(45, 0.0)	(50, 0.0)	(55, 0.0)	(60, 0.0)	(65, 0.0)	(70, 0.0)	(75, 0.0)	(80, 0.0)	(85, 0.0)	(90, 2.185111741151663e-05)	(95, 0.0)	(100, 0.0)	(105, 4.370223482303326e-05)	(110, 4.370223482303326e-05)	(115, 2.185111741151663e-05)	(120, 0.0002840645263497162)	(125, 0.0)	(130, 0.0)	(135, 0.0)	(140, 6.555382493457727e-05)	(145, 0.0)	(150, 0.0)
PID-2861-17_S212_R2_001	(1, 0.00010925558705758315)	(2, 0.0)	(3, 0.0015295782188061641)	(4, 0.0)	(5, 0.0)	(6, 0.0)	(7, 0.0)	(8, 0.0)	(9, 0.0)	(10, 0.0)	(15, 0.0)	(20, 0.0)	(25, 0.0)	(30, 0.00026221340893819957)	(35, 0.0)	(40, 0.0)	(45, 0.0)	(50, 0.0)	(55, 0.0)	(60, 2.185111741151663e-05)	(65, 2.185111741151663e-05)	(70, 0.0)	(75, 0.0)	(80, 0.0)	(85, 2.185111741151663e-05)	(90, 0.0001529578218806164)	(95, 0.0)	(100, 0.0)	(105, 0.0)	(110, 0.0)	(115, 0.0)	(120, 0.0003496178785842661)	(125, 0.0)	(130, 0.0)	(135, 0.0)	(140, 0.0)	(145, 0.0)	(150, 0.00014005180516272968)
PID-2861-18_S213_R1_001	(1, 0.00010166165982992005)	(2, 0.02866858807203745)	(3, 0.002643203155577921)	(4, 0.0)	(5, 0.0)	(6, 0.0)	(7, 0.0)	(8, 0.0)	(9, 0.0)	(10, 0.0)	(15, 0.0)	(20, 0.0)	(25, 0.0)	(30, 0.09822549572766875)	(35, 0.09285776008864896)	(40, 0.0)	(45, 0.0)	(50, 0.0)	(55, 0.0)	(60, 4.066466393196802e-05)	(65, 0.0)	(70, 0.0)	(75, 0.0)	(80, 0.0)	(85, 0.0)	(90, 2.033233196598401e-05)	(95, 0.0)	(100, 0.0)	(105, 0.0)	(110, 4.066466393196802e-05)	(115, 2.033233196598401e-05)	(120, 0.0004269789712856642)	(125, 0.0)	(130, 0.0)	(135, 0.0)	(140, 4.0664887171204056e-05)	(145, 0.0)	(150, 0.0)
PID-2861-18_S213_R2_001	(1, 0.0002033233196598401)	(2, 0.0)	(3, 0.002033233196598401)	(4, 0.0)	(5, 0.0)	(6, 0.0)	(7, 0.0)	(8, 0.0)	(9, 0.0)	(10, 0.0)	(15, 0.0)	(20, 0.0)	(25, 0.0)	(30, 0.00030498497948976014)	(35, 0.0)	(40, 0.0)	(45, 0.0)	(50, 0.0)	(55, 0.0)	(60, 2.033233196598401e-05)	(65, 2.033233196598401e-05)	(70, 0.0)	(75, 0.0)	(80, 0.0)	(85, 4.066466393196802e-05)	(90, 0.00012199399179590405)	(95, 0.0)	(100, 0.0)	(105, 0.0)	(110, 0.0)	(115, 0.0)	(120, 0.0005896376270135362)	(125, 0.0)	(130, 0.0)	(135, 0.0)	(140, 0.0)	(145, 0.0)	(150, 0.0001302238482840078)
PID-2861-19_S214_R1_001	(1, 0.0001785889685594121)	(2, 0.02687763976819152)	(3, 0.002321656591272357)	(4, 0.0)	(5, 0.0)	(6, 0.0)	(7, 0.0)	(8, 0.0)	(9, 0.0)	(10, 0.0)	(15, 0.0)	(20, 0.0)	(25, 0.0)	(30, 0.09099107948102046)	(35, 0.09359847842198787)	(40, 0.0)	(45, 0.0)	(50, 0.0)	(55, 0.0)	(60, 5.3576690567823624e-05)	(65, 0.0)	(70, 0.0)	(75, 0.0)	(80, 0.0)	(85, 0.0)	(90, 5.3576690567823624e-05)	(95, 0.0)	(100, 0.0)	(105, 0.0)	(110, 1.7858896855941208e-05)	(115, 0.0)	(120, 0.00037503683397476536)	(125, 0.0)	(130, 0.0)	(135, 0.0)	(140, 1.785901167515029e-05)	(145, 0.0)	(150, 0.0)
PID-2861-19_S214_R2_001	(1, 8.929448427970605e-05)	(2, 0.0)	(3, 0.001785889685594121)	(4, 0.0)	(5, 0.0)	(6, 0.0)	(7, 0.0)	(8, 0.0)	(9, 0.0)	(10, 0.0)	(15, 0.0)	(20, 0.0)	(25, 0.0)	(30, 0.0003571779371188242)	(35, 1.7858896855941208e-05)	(40, 0.0)	(45, 0.0)	(50, 0.0)	(55, 0.0)	(60, 0.00012501227799158844)	(65, 1.7858896855941208e-05)	(70, 0.0)	(75, 0.0)	(80, 0.0)	(85, 1.7858896855941208e-05)	(90, 0.0002321656591272357)	(95, 0.0)	(100, 0.0)	(105, 0.0)	(110, 0.0)	(115, 1.7858896855941208e-05)	(120, 0.0005000491119663537)	(125, 0.0)	(130, 0.0)	(135, 0.0)	(140, 0.0)	(145, 0.0)	(150, 0.00011432621843167293)
PID-2861-1_S196_R1_001	(1, 0.0002023042453545888)	(2, 0.025288030669323593)	(3, 0.002225346698900476)	(4, 0.0)	(5, 0.0)	(6, 0.0)	(7, 0.0)	(8, 0.0)	(9, 0.0)	(10, 0.0)	(15, 0.0)	(20, 0.0)	(25, 0.0)	(30, 0.09613497739250058)	(35, 0.09344433092928456)	(40, 0.0)	(45, 0.0)	(50, 0.0)	(55, 0.0)	(60, 2.023042453545888e-05)	(65, 0.0)	(70, 0.0)	(75, 0.0)	(80, 0.0)	(85, 0.0)	(90, 0.0)	(95, 0.0)	(100, 0.0)	(105, 0.0)	(110, 0.0)	(115, 2.023042453545888e-05)	(120, 0.00024276509442550654)	(125, 0.0)	(130, 0.0)	(135, 0.0)	(140, 2.0230625079784528e-05)	(145, 0.0)	(150, 0.0)
PID-2861-1_S196_R2_001	(1, 0.0)	(2, 0.0)	(3, 0.0013149775948048269)	(4, 0.0)	(5, 0.0)	(6, 0.0)	(7, 0.0)	(8, 0.0)	(9, 0.0)	(10, 0.0)	(15, 0.0)	(20, 0.0)	(25, 0.0)	(30, 0.00022253466989004763)	(35, 0.0)	(40, 0.0)	(45, 0.0)	(50, 0.0)	(55, 0.0)	(60, 2.023042453545888e-05)	(65, 0.0)	(70, 0.0)	(75, 0.0)	(80, 0.0)	(85, 0.0)	(90, 0.00014161297174821214)	(95, 0.0)	(100, 0.0)	(105, 0.0)	(110, 0.0)	(115, 2.023042453545888e-05)	(120, 0.00032368679256734206)	(125, 0.0)	(130, 0.0)	(135, 0.0)	(140, 0.0)	(145, 0.0)	(150, 6.484621719591988e-05)
PID-2861-20_S215_R1_001	(1, 0.0002888943243821032)	(2, 0.029563519195101893)	(3, 0.0012518754056557804)	(4, 0.0)	(5, 0.0)	(6, 0.0)	(7, 0.0)	(8, 0.0)	(9, 0.0)	(10, 0.0)	(15, 0.0)	(20, 0.0)	(25, 0.0)	(30, 0.09444918445132226)	(35, 0.09080911596410776)	(40, 0.0)	(45, 0.0)	(50, 0.0)	(55, 0.0)	(60, 1.9259621625473545e-05)	(65, 0.0)	(70, 0.0)	(75, 0.0)	(80, 0.0)	(85, 0.0)	(90, 1.9259621625473545e-05)	(95, 0.0)	(100, 0.0)	(105, 0.0)	(110, 0.0)	(115, 0.0)	(120, 0.0003274135676330503)	(125, 0.0)	(130, 0.0)	(135, 0.0)	(140, 0.0)	(145, 0.0)	(150, 0.0)
PID-2861-20_S215_R2_001	(1, 0.0)	(2, 0.0)	(3, 0.0019259621625473545)	(4, 0.0)	(5, 0.0)	(6, 0.0)	(7, 0.0)	(8, 0.0)	(9, 0.0)	(10, 0.0)	(15, 0.0)	(20, 0.0)	(25, 0.0)	(30, 0.0002696347027566297)	(35, 0.0)	(40, 0.0)	(45, 0.0)	(50, 0.0)	(55, 0.0)	(60, 3.851924325094709e-05)	(65, 0.0)	(70, 0.0)	(75, 0.0)	(80, 0.0)	(85, 0.0)	(90, 0.00011555772975284128)	(95, 0.0)	(100, 0.0)	(105, 0.0)	(110, 0.0)	(115, 1.9259621625473545e-05)	(120, 0.0004622309190113651)	(125, 0.0)	(130, 0.0)	(135, 0.0)	(140, 0.0)	(145, 0.0)	(150, 6.165440977000439e-05)
PID-2861-21_S216_R1_001	(1, 0.0001858658327486304)	(2, 0.0275081432467973)	(3, 0.001765725411111989)	(4, 0.0)	(5, 0.0)	(6, 0.0)	(7, 0.0)	(8, 0.0)	(9, 0.0)	(10, 0.0)	(15, 0.0)	(20, 0.0)	(25, 0.0)	(30, 0.0984159584403998)	(35, 0.09332323462308732)	(40, 1.858658327486304e-05)	(45, 0.0)	(50, 0.0)	(55, 0.0)	(60, 3.717316654972608e-05)	(65, 0.0)	(70, 0.0)	(75, 1.858658327486304e-05)	(80, 0.0)	(85, 0.0)	(90, 7.434633309945216e-05)	(95, 0.0)	(100, 0.0)	(105, 3.717316654972608e-05)	(110, 7.434633309945216e-05)	(115, 0.00020445241602349345)	(120, 0.00042749141532184994)	(125, 5.5759749824589124e-05)	(130, 0.0)	(135, 0.0)	(140, 0.00022304119645245545)	(145, 0.0)	(150, 0.0)
PID-2861-21_S216_R2_001	(1, 0.0001858658327486304)	(2, 0.0)	(3, 0.001765725411111989)	(4, 0.0)	(5, 0.0)	(6, 0.0)	(7, 0.0)	(8, 0.0)	(9, 0.0)	(10, 0.0)	(15, 0.0)	(20, 0.0)	(25, 0.0)	(30, 0.00031597191567267165)	(35, 0.0)	(40, 0.0)	(45, 0.0)	(50, 0.0)	(55, 0.0)	(60, 9.29329163743152e-05)	(65, 3.717316654972608e-05)	(70, 0.0)	(75, 0.0)	(80, 0.0)	(85, 3.717316654972608e-05)	(90, 0.0002230389992983565)	(95, 0.0)	(100, 0.0)	(105, 0.0)	(110, 0.0)	(115, 0.00011151949964917825)	(120, 0.0005575974982458912)	(125, 0.0)	(130, 0.00014869266619890433)	(135, 1.858658327486304e-05)	(140, 0.0)	(145, 0.0)	(150, 0.00011924678957830758)
PID-2861-22_S217_R1_001	(1, 9.936713074428963e-05)	(2, 0.027226593823935354)	(3, 0.0017886083533972133)	(4, 0.0)	(5, 0.0)	(6, 0.0)	(7, 0.0)	(8, 0.0)	(9, 0.0)	(10, 0.0)	(15, 0.0)	(20, 0.0)	(25, 0.0)	(30, 0.09330573576888795)	(35, 0.08770142959491002)	(40, 0.0)	(45, 0.0)	(50, 0.0)	(55, 0.0)	(60, 1.9873426148857926e-05)	(65, 0.0)	(70, 0.0)	(75, 0.0)	(80, 0.0)	(85, 0.0)	(90, 1.9873426148857926e-05)	(95, 0.0)	(100, 0.0)	(105, 5.962027844657377e-05)	(110, 3.974685229771585e-05)	(115, 0.0)	(120, 0.00029810139223286885)	(125, 0.0)	(130, 0.0)	(135, 0.0)	(140, 9.936796015265305e-05)	(145, 0.0)	(150, 0.0)
PID-2861-22_S217_R2_001	(1, 0.0)	(2, 0.0)	(3, 0.001291772699675765)	(4, 0.0)	(5, 0.0)	(6, 0.0)	(7, 0.0)	(8, 0.0)	(9, 0.0)	(10, 0.0)	(15, 0.0)	(20, 0.0)	(25, 0.0)	(30, 0.00021860768763743717)	(35, 1.9873426148857926e-05)	(40, 0.0)	(45, 0.0)	(50, 0.0)	(55, 0.0)	(60, 5.962027844657377e-05)	(65, 1.9873426148857926e-05)	(70, 0.0)	(75, 0.0)	(80, 1.9873426148857926e-05)	(85, 3.974685229771585e-05)	(90, 7.94937045954317e-05)	(95, 0.0)	(100, 0.0)	(105, 0.0)	(110, 0.0)	(115, 9.936713074428963e-05)	(120, 0.00043721537527487435)	(125, 0.0)	(130, 0.0)	(135, 0.0)	(140, 0.0)	(145, 0.0)	(150, 0.00012718172296895556)
PID-2861-23_S218_R1_001	(1, 0.000237932084665753)	(2, 0.02712425765189584)	(3, 0.0022603548043246538)	(4, 0.0)	(5, 0.0)	(6, 0.0)	(7, 0.0)	(8, 0.0)	(9, 0.0)	(10, 0.0)	(15, 0.0)	(20, 0.0)	(25, 0.0)	(30, 0.09545835236790011)	(35, 0.09348351606517435)	(40, 0.0)	(45, 0.0)	(50, 0.0)	(55, 0.0)	(60, 0.0001427592507994518)	(65, 0.0)	(70, 0.0)	(75, 0.0)	(80, 0.0)	(85, 0.0)	(90, 0.0001427592507994518)	(95, 0.0)	(100, 0.0)	(105, 0.0)	(110, 7.13796253997259e-05)	(115, 0.0)	(120, 0.0006662098370641084)	(125, 0.0)	(130, 2.37932084665753e-05)	(135, 0.0)	(140, 2.379341227035788e-05)	(145, 0.0)	(150, 0.0)
PID-2861-23_S218_R2_001	(1, 0.000713796253997259)	(2, 0.0)	(3, 0.0026172529313232833)	(4, 0.0)	(5, 0.0)	(6, 0.0)	(7, 0.0)	(8, 0.0)	(9, 0.0)	(10, 0.0)	(15, 0.0)	(20, 0.0)	(25, 0.0)	(30, 0.0004044845439317801)	(35, 0.0)	(40, 0.0)	(45, 0.0)	(50, 0.0)	(55, 0.0)	(60, 0.0001189660423328765)	(65, 2.37932084665753e-05)	(70, 0.0)	(75, 0.0)	(80, 0.0)	(85, 4.75864169331506e-05)	(90, 0.0003093117100654789)	(95, 0.0)	(100, 0.0)	(105, 2.37932084665753e-05)	(110, 0.0)	(115, 0.0)	(120, 0.0006424166285975331)	(125, 2.37932084665753e-05)	(130, 2.37932084665753e-05)	(135, 4.75864169331506e-05)	(140, 0.0)	(145, 0.0)	(150, 0.00022818755191266805)
PID-2861-24_S219_R1_001	(1, 0.0001031773463818284)	(2, 0.03023096248987572)	(3, 0.0018571922348729114)	(4, 0.0)	(5, 0.0)	(6, 0.0)	(7, 0.0)	(8, 0.0)	(9, 0.0)	(10, 0.0)	(15, 0.0)	(20, 0.0)	(25, 0.0)	(30, 0.09735814404589328)	(35, 0.08848489225705605)	(40, 0.0)	(45, 0.0)	(50, 0.0)	(55, 0.0)	(60, 6.190640782909704e-05)	(65, 0.0)	(70, 0.0)	(75, 0.0)	(80, 0.0)	(85, 0.0)	(90, 4.1270938552731365e-05)	(95, 0.0)	(100, 0.0)	(105, 0.0)	(110, 0.0)	(115, 0.0)	(120, 0.0004333448548036793)	(125, 0.0)	(130, 0.0)	(135, 0.0)	(140, 0.0)	(145, 0.0)	(150, 0.0)
PID-2861-24_S219_R2_001	(1, 0.0002063546927636568)	(2, 0.0)	(3, 0.0016508375421092545)	(4, 0.0)	(5, 0.0)	(6, 0.0)	(7, 0.0)	(8, 0.0)	(9, 0.0)	(10, 0.0)	(15, 0.0)	(20, 0.0)	(25, 0.0)	(30, 0.0003301675084218509)	(35, 0.0)	(40, 0.0)	(45, 0.0)	(50, 0.0)	(55, 0.0)	(60, 4.1270938552731365e-05)	(65, 0.0)	(70, 0.0)	(75, 0.0)	(80, 0.0)	(85, 0.0)	(90, 0.00016508375421092546)	(95, 0.0)	(100, 0.0)	(105, 0.0)	(110, 0.0)	(115, 0.0)	(120, 0.000515886731909142)	(125, 0.0)	(130, 2.0635469276365683e-05)	(135, 2.0635469276365683e-05)	(140, 0.0)	(145, 0.0)	(150, 0.0)
PID-2861-25_S220_R1_001	(1, 0.00010136374786375902)	(2, 0.028685940645443803)	(3, 0.0023313662008664572)	(4, 0.0)	(5, 0.0)	(6, 0.0)	(7, 0.0)	(8, 0.0)	(9, 0.0)	(10, 0.0)	(15, 0.0)	(20, 0.0)	(25, 0.0)	(30, 0.09672128821159885)	(35, 0.09187610106371116)	(40, 0.0)	(45, 0.0)	(50, 0.0)	(55, 0.0)	(60, 6.081824871825541e-05)	(65, 0.0)	(70, 0.0)	(75, 0.0)	(80, 0.0)	(85, 0.0)	(90, 4.054549914550361e-05)	(95, 0.0)	(100, 0.0)	(105, 0.0)	(110, 2.0272749572751804e-05)	(115, 8.109099829100722e-05)	(120, 0.0004662732401732914)	(125, 4.054549914550361e-05)	(130, 0.0)	(135, 0.0)	(140, 6.081897616930057e-05)	(145, 0.0)	(150, 0.0)
PID-2861-25_S220_R2_001	(1, 0.00020272749572751805)	(2, 0.0)	(3, 0.0019259112094114213)	(4, 0.0)	(5, 0.0)	(6, 0.0)	(7, 0.0)	(8, 0.0)	(9, 0.0)	(10, 0.0)	(15, 0.0)	(20, 0.0)	(25, 0.0)	(30, 0.0002838184940185252)	(35, 0.0)	(40, 0.0)	(45, 0.0)	(50, 0.0)	(55, 0.0)	(60, 4.054549914550361e-05)	(65, 2.0272749572751804e-05)	(70, 0.0)	(75, 0.0)	(80, 0.0)	(85, 2.0272749572751804e-05)	(90, 0.00016218199658201443)	(95, 0.0)	(100, 0.0)	(105, 0.0)	(110, 0.0)	(115, 0.0)	(120, 0.0006487279863280577)	(125, 0.0)	(130, 2.0272749572751804e-05)	(135, 0.0)	(140, 0.0)	(145, 0.0)	(150, 6.496130255206973e-05)
PID-2861-26_S221_R1_001	(1, 0.0005059661845933297)	(2, 0.027490829362904243)	(3, 0.0016865539486444322)	(4, 0.0)	(5, 0.0)	(6, 0.0)	(7, 0.0)	(8, 0.0)	(9, 0.0)	(10, 0.0)	(15, 0.0)	(20, 0.0)	(25, 0.0)	(30, 0.09997891807564194)	(35, 0.0962684993886242)	(40, 0.0)	(45, 0.0)	(50, 0.0)	(55, 0.0)	(60, 1.6865539486444323e-05)	(65, 0.0)	(70, 0.0)	(75, 0.0)	(80, 0.0)	(85, 0.0)	(90, 0.0)	(95, 0.0)	(100, 0.0)	(105, 3.3731078972888646e-05)	(110, 3.3731078972888646e-05)	(115, 5.059661845933297e-05)	(120, 0.0002867141712695535)	(125, 0.0)	(130, 0.0)	(135, 0.0)	(140, 6.746273822146971e-05)	(145, 0.0)	(150, 0.0)
PID-2861-26_S221_R2_001	(1, 0.0)	(2, 0.0)	(3, 0.001517898553779989)	(4, 0.0)	(5, 0.0)	(6, 0.0)	(7, 0.0)	(8, 0.0)	(9, 0.0)	(10, 0.0)	(15, 0.0)	(20, 0.0)	(25, 0.0)	(30, 0.00023611755281022052)	(35, 0.0)	(40, 0.0)	(45, 0.0)	(50, 0.0)	(55, 0.0)	(60, 8.432769743222162e-05)	(65, 3.3731078972888646e-05)	(70, 0.0)	(75, 0.0)	(80, 0.0)	(85, 3.3731078972888646e-05)	(90, 0.00011805877640511026)	(95, 0.0)	(100, 0.0)	(105, 0.0)	(110, 0.0)	(115, 8.432769743222162e-05)	(120, 0.00033731078972888646)	(125, 0.0)	(130, 1.6865539486444323e-05)	(135, 1.6865539486444323e-05)	(140, 0.0)	(145, 0.0)	(150, 0.00010802338274142821)
PID-2861-27_S222_R1_001	(1, 8.284372690731112e-05)	(2, 0.026261461429617626)	(3, 0.001325499630516978)	(4, 0.0)	(5, 0.0)	(6, 0.0)	(7, 0.0)	(8, 0.0)	(9, 0.0)	(10, 0.0)	(15, 0.0)	(20, 0.0)	(25, 0.0)	(30, 0.09455782989200492)	(35, 0.089040437679978)	(40, 0.0)	(45, 0.0)	(50, 0.0)	(55, 0.0)	(60, 3.313749076292445e-05)	(65, 0.0)	(70, 0.0)	(75, 0.0)	(80, 0.0)	(85, 0.0)	(90, 1.6568745381462226e-05)	(95, 0.0)	(100, 0.0)	(105, 1.6568745381462226e-05)	(110, 0.0)	(115, 1.6568745381462226e-05)	(120, 0.00036451239839216897)	(125, 0.0)	(130, 0.0)	(135, 0.0)	(140, 4.9706664404461144e-05)	(145, 0.0)	(150, 0.0)
PID-2861-27_S222_R2_001	(1, 0.0)	(2, 0.0)	(3, 0.001988249445775467)	(4, 0.0)	(5, 0.0)	(6, 0.0)	(7, 0.0)	(8, 0.0)	(9, 0.0)	(10, 0.0)	(15, 0.0)	(20, 0.0)	(25, 0.0)	(30, 0.0002650999261033956)	(35, 0.0)	(40, 0.0)	(45, 0.0)	(50, 0.0)	(55, 0.0)	(60, 6.62749815258489e-05)	(65, 0.0)	(70, 0.0)	(75, 0.0)	(80, 0.0)	(85, 0.0)	(90, 0.0001325499630516978)	(95, 0.0)	(100, 0.0)	(105, 0.0)	(110, 0.0)	(115, 3.313749076292445e-05)	(120, 0.0004970623614438667)	(125, 0.0)	(130, 0.0)	(135, 0.0)	(140, 0.0)	(145, 0.0)	(150, 0.0)
PID-2861-28_S223_R1_001	(1, 0.00030756045100664535)	(2, 0.026962799538249246)	(3, 0.0022554433073820658)	(4, 0.0)	(5, 0.0)	(6, 0.0)	(7, 0.0)	(8, 0.0)	(9, 0.0)	(10, 0.0)	(15, 0.0)	(20, 0.0)	(25, 0.0)	(30, 0.10038773120856904)	(35, 0.0869575915146122)	(40, 0.0)	(45, 0.0)	(50, 0.0)	(55, 0.0)	(60, 2.0504030067109693e-05)	(65, 0.0)	(70, 0.0)	(75, 0.0)	(80, 0.0)	(85, 0.0)	(90, 2.0504030067109693e-05)	(95, 0.0)	(100, 0.0)	(105, 0.0)	(110, 0.0)	(115, 0.0)	(120, 0.00030756045100664535)	(125, 0.0)	(130, 0.0)	(135, 0.0)	(140, 0.0)	(145, 0.0)	(150, 0.0)
PID-2861-28_S223_R2_001	(1, 0.0)	(2, 0.0)	(3, 0.001640322405368775)	(4, 0.0)	(5, 0.0)	(6, 0.0)	(7, 0.0)	(8, 0.0)	(9, 0.0)	(10, 0.0)	(15, 0.0)	(20, 0.0)	(25, 0.0)	(30, 0.0002460483608053163)	(35, 0.0)	(40, 0.0)	(45, 0.0)	(50, 0.0)	(55, 0.0)	(60, 6.151209020132908e-05)	(65, 0.0)	(70, 0.0)	(75, 0.0)	(80, 0.0)	(85, 0.0)	(90, 0.00016403224053687754)	(95, 0.0)	(100, 0.0)	(105, 0.0)	(110, 0.0)	(115, 0.0)	(120, 0.0004305846314093035)	(125, 0.0)	(130, 0.0)	(135, 0.0)	(140, 0.0)	(145, 0.0)	(150, 0.0)
PID-2861-29_S224_R1_001	(1, 0.0002265598361519265)	(2, 0.026054381157471548)	(3, 0.001812478689215412)	(4, 0.0)	(5, 0.0)	(6, 0.0)	(7, 0.0)	(8, 0.0)	(9, 0.0)	(10, 0.0)	(15, 0.0)	(20, 0.0)	(25, 0.0)	(30, 0.09685432995494858)	(35, 0.09064659044438579)	(40, 0.0)	(45, 0.0)	(50, 0.0)	(55, 0.0)	(60, 4.53119672303853e-05)	(65, 0.0)	(70, 0.0)	(75, 0.0)	(80, 0.0)	(85, 0.0)	(90, 6.796795084557794e-05)	(95, 0.0)	(100, 0.0)	(105, 4.53119672303853e-05)	(110, 6.796795084557794e-05)	(115, 0.0)	(120, 0.0003171837706126971)	(125, 0.0)	(130, 0.0)	(135, 2.265598361519265e-05)	(140, 9.062475573796305e-05)	(145, 0.0)	(150, 0.0)
PID-2861-29_S224_R2_001	(1, 0.0)	(2, 0.0)	(3, 0.0015859188530634855)	(4, 0.0)	(5, 0.0)	(6, 0.0)	(7, 0.0)	(8, 0.0)	(9, 0.0)	(10, 0.0)	(15, 0.0)	(20, 0.0)	(25, 0.0)	(30, 0.0001812478689215412)	(35, 0.0)	(40, 0.0)	(45, 0.0)	(50, 0.0)	(55, 0.0)	(60, 4.53119672303853e-05)	(65, 0.0)	(70, 0.0)	(75, 0.0)	(80, 2.265598361519265e-05)	(85, 2.265598361519265e-05)	(90, 0.00013593590169115588)	(95, 0.0)	(100, 0.0)	(105, 0.0)	(110, 0.0)	(115, 0.00011327991807596324)	(120, 0.00033983975422788976)	(125, 0.0)	(130, 0.0)	(135, 2.265598361519265e-05)	(140, 0.0)	(145, 0.0)	(150, 7.273769405507553e-05)
PID-2861-2_S197_R1_001	(1, 0.00010483949597363916)	(2, 0.027992145424961652)	(3, 0.002201629415446422)	(4, 0.0)	(5, 0.0)	(6, 0.0)	(7, 0.0)	(8, 0.0)	(9, 0.0)	(10, 0.0)	(15, 0.0)	(20, 0.0)	(25, 0.0)	(30, 0.0980878324329368)	(35, 0.09045551712605586)	(40, 0.0)	(45, 0.0)	(50, 0.0)	(55, 0.0)	(60, 0.0)	(65, 0.0)	(70, 0.0)	(75, 0.0)	(80, 0.0)	(85, 0.0)	(90, 0.0)	(95, 0.0)	(100, 0.0)	(105, 2.0967899194727833e-05)	(110, 2.0967899194727833e-05)	(115, 2.0967899194727833e-05)	(120, 0.00033548638711564533)	(125, 0.0)	(130, 0.0)	(135, 0.0)	(140, 8.387207160661986e-05)	(145, 0.0)	(150, 0.0)
PID-2861-2_S197_R2_001	(1, 0.0)	(2, 0.0)	(3, 0.001887110927525505)	(4, 0.0)	(5, 0.0)	(6, 0.0)	(7, 0.0)	(8, 0.0)	(9, 0.0)	(10, 0.0)	(15, 0.0)	(20, 0.0)	(25, 0.0)	(30, 0.00031451848792091744)	(35, 0.0)	(40, 0.0)	(45, 0.0)	(50, 0.0)	(55, 0.0)	(60, 2.0967899194727833e-05)	(65, 0.0)	(70, 0.0)	(75, 0.0)	(80, 0.0)	(85, 0.0)	(90, 0.000125807395168367)	(95, 0.0)	(100, 0.0)	(105, 0.0)	(110, 0.0)	(115, 4.1935798389455666e-05)	(120, 0.0005241974798681958)	(125, 0.0)	(130, 0.0)	(135, 0.0)	(140, 0.0)	(145, 0.0)	(150, 6.723199812826118e-05)
PID-2861-30_S225_R1_001	(1, 0.00038556942177439047)	(2, 0.027760998367756112)	(3, 0.0016708008276890255)	(4, 0.0)	(5, 0.0)	(6, 0.0)	(7, 0.0)	(8, 0.0)	(9, 0.0)	(10, 0.0)	(15, 0.0)	(20, 0.0)	(25, 0.0)	(30, 0.09621242304676957)	(35, 0.0855450023776781)	(40, 0.0)	(45, 0.0)	(50, 0.0)	(55, 0.0)	(60, 0.0)	(65, 0.0)	(70, 0.0)	(75, 0.0)	(80, 0.0)	(85, 0.0)	(90, 0.0)	(95, 0.0)	(100, 0.0)	(105, 0.0)	(110, 2.57046281182927e-05)	(115, 2.57046281182927e-05)	(120, 0.00038556942177439047)	(125, 2.57046281182927e-05)	(130, 0.0)	(135, 0.0)	(140, 5.140974517988655e-05)	(145, 0.0)	(150, 0.0)
PID-2861-30_S225_R2_001	(1, 0.0)	(2, 0.0)	(3, 0.0016708008276890255)	(4, 0.0)	(5, 0.0)	(6, 0.0)	(7, 0.0)	(8, 0.0)	(9, 0.0)	(10, 0.0)	(15, 0.0)	(20, 0.0)	(25, 0.0)	(30, 0.000257046281182927)	(35, 0.0)	(40, 0.0)	(45, 0.0)	(50, 0.0)	(55, 0.0)	(60, 7.71138843548781e-05)	(65, 0.0)	(70, 0.0)	(75, 0.0)	(80, 0.0)	(85, 2.57046281182927e-05)	(90, 0.0001285231405914635)	(95, 0.0)	(100, 0.0)	(105, 0.0)	(110, 0.0)	(115, 7.71138843548781e-05)	(120, 0.0004883879342475613)	(125, 0.0)	(130, 2.57046281182927e-05)	(135, 0.0)	(140, 0.0)	(145, 0.0)	(150, 8.242731971084496e-05)
PID-2861-31_S226_R1_001	(1, 0.0003787269094937368)	(2, 0.035600329492411265)	(3, 0.0015149076379749472)	(4, 0.0)	(5, 0.0)	(6, 0.0)	(7, 0.0)	(8, 0.0)	(9, 0.0)	(10, 0.0)	(15, 0.0)	(20, 0.0)	(25, 0.0)	(30, 0.0846075915809008)	(35, 0.08422886467140706)	(40, 0.0)	(45, 0.0)	(50, 0.0)	(55, 0.0)	(60, 3.787269094937368e-05)	(65, 0.0)	(70, 0.0)	(75, 0.0)	(80, 0.0)	(85, 0.0)	(90, 0.0)	(95, 0.0)	(100, 0.0)	(105, 0.0)	(110, 0.0)	(115, 3.787269094937368e-05)	(120, 0.0003408542185443631)	(125, 0.0)	(130, 0.0)	(135, 0.0)	(140, 7.574624251295734e-05)	(145, 0.0)	(150, 0.0)
PID-2861-31_S226_R2_001	(1, 0.0)	(2, 0.0)	(3, 0.0017042710927218157)	(4, 0.0)	(5, 0.0)	(6, 0.0)	(7, 0.0)	(8, 0.0)	(9, 0.0)	(10, 0.0)	(15, 0.0)	(20, 0.0)	(25, 0.0)	(30, 0.0001514907637974947)	(35, 0.0)	(40, 0.0)	(45, 0.0)	(50, 0.0)	(55, 0.0)	(60, 3.787269094937368e-05)	(65, 0.0)	(70, 0.0)	(75, 0.0)	(80, 0.0)	(85, 0.0)	(90, 7.574538189874735e-05)	(95, 0.0)	(100, 0.0)	(105, 0.0)	(110, 0.0)	(115, 3.787269094937368e-05)	(120, 0.0005302176732912315)	(125, 0.0)	(130, 0.0)	(135, 0.0)	(140, 0.0)	(145, 0.0)	(150, 0.00012120360023174129)
PID-2861-32_S227_R1_001	(1, 0.00026163730006004577)	(2, 0.031004020057115424)	(3, 0.0027471916506304804)	(4, 0.0)	(5, 0.0)	(6, 0.0)	(7, 0.0)	(8, 0.0)	(9, 0.0)	(10, 0.0)	(15, 0.0)	(20, 0.0)	(25, 0.0)	(30, 0.09691045594224094)	(35, 0.08924448305048162)	(40, 0.0)	(45, 0.0)	(50, 0.0)	(55, 0.0)	(60, 7.849119001801373e-05)	(65, 0.0)	(70, 0.0)	(75, 0.0)	(80, 0.0)	(85, 0.0)	(90, 0.0001046549200240183)	(95, 0.0)	(100, 0.0)	(105, 0.0)	(110, 0.0)	(115, 0.00015698238003602745)	(120, 0.0006017657901381053)	(125, 2.6163730006004576e-05)	(130, 0.0)	(135, 0.0)	(140, 7.849180610954055e-05)	(145, 2.630005096949878e-05)	(150, 0.0)
PID-2861-32_S227_R2_001	(1, 0.0006540932501501144)	(2, 0.0)	(3, 0.003139647600720549)	(4, 0.0)	(5, 0.0)	(6, 0.0)	(7, 0.0)	(8, 0.0)	(9, 0.0)	(10, 0.0)	(15, 0.0)	(20, 0.0)	(25, 0.0)	(30, 0.00047094714010808235)	(35, 0.0)	(40, 0.0)	(45, 0.0)	(50, 0.0)	(55, 2.6163730006004576e-05)	(60, 0.00013081865003002288)	(65, 0.0)	(70, 0.0)	(75, 0.0)	(80, 0.0)	(85, 0.0)	(90, 0.0003139647600720549)	(95, 0.0)	(100, 0.0)	(105, 2.6163730006004576e-05)	(110, 0.0)	(115, 0.0)	(120, 0.0007064207101621236)	(125, 2.6163730006004576e-05)	(130, 5.232746001200915e-05)	(135, 0.0)	(140, 0.0)	(145, 0.0)	(150, 0.00016787198753718364)
PID-2861-33_S228_R1_001	(1, 0.00024360674400910115)	(2, 0.02833958455305877)	(3, 0.0021924606960819102)	(4, 0.0)	(5, 0.0)	(6, 0.0)	(7, 0.0)	(8, 0.0)	(9, 0.0)	(10, 0.0)	(15, 0.0)	(20, 0.0)	(25, 0.0)	(30, 0.09983004369492965)	(35, 0.09203462788663841)	(40, 0.0)	(45, 0.0)	(50, 0.0)	(55, 0.0)	(60, 3.248089920121349e-05)	(65, 0.0)	(70, 0.0)	(75, 0.0)	(80, 0.0)	(85, 0.0)	(90, 4.872134880182023e-05)	(95, 0.0)	(100, 0.0)	(105, 3.248089920121349e-05)	(110, 3.248089920121349e-05)	(115, 3.248089920121349e-05)	(120, 0.0003897707904145618)	(125, 0.0)	(130, 0.0)	(135, 0.0)	(140, 6.496238921273542e-05)	(145, 0.0)	(150, 0.0)
PID-2861-33_S228_R2_001	(1, 0.0)	(2, 0.0)	(3, 0.0016240449600606745)	(4, 0.0)	(5, 0.0)	(6, 0.0)	(7, 0.0)	(8, 0.0)	(9, 0.0)	(10, 0.0)	(15, 0.0)	(20, 0.0)	(25, 0.0)	(30, 0.00022736629440849441)	(35, 0.0)	(40, 0.0)	(45, 0.0)	(50, 0.0)	(55, 0.0)	(60, 4.872134880182023e-05)	(65, 3.248089920121349e-05)	(70, 0.0)	(75, 0.0)	(80, 0.0)	(85, 3.248089920121349e-05)	(90, 0.00011368314720424721)	(95, 0.0)	(100, 0.0)	(105, 0.0)	(110, 0.0)	(115, 6.496179840242698e-05)	(120, 0.0005359348368200225)	(125, 0.0)	(130, 0.0)	(135, 0.0)	(140, 0.0)	(145, 0.0)	(150, 0.0001039859910072915)
PID-2861-34_S229_R1_001	(1, 0.00011376952569484737)	(2, 0.029352537629270623)	(3, 0.0021616209882021)	(4, 0.0)	(5, 0.0)	(6, 0.0)	(7, 0.0)	(8, 0.0)	(9, 0.0)	(10, 0.0)	(15, 0.0)	(20, 0.0)	(25, 0.0)	(30, 0.09640829607381367)	(35, 0.08899052299850961)	(40, 0.0)	(45, 0.0)	(50, 0.0)	(55, 0.0)	(60, 6.826171541690843e-05)	(65, 0.0)	(70, 0.0)	(75, 0.0)	(80, 0.0)	(85, 0.0)	(90, 4.550781027793895e-05)	(95, 0.0)	(100, 0.0)	(105, 4.550781027793895e-05)	(110, 2.2753905138969476e-05)	(115, 0.0)	(120, 0.0005460937233352674)	(125, 0.0)	(130, 0.0)	(135, 2.2753905138969476e-05)	(140, 6.826221245111856e-05)	(145, 0.0)	(150, 0.0)
PID-2861-34_S229_R2_001	(1, 0.00022753905138969474)	(2, 0.0)	(3, 0.0019340819368124055)	(4, 0.0)	(5, 0.0)	(6, 0.0)	(7, 0.0)	(8, 0.0)	(9, 0.0)	(10, 0.0)	(15, 0.0)	(20, 0.0)	(25, 0.0)	(30, 0.00025029295652866427)	(35, 0.0)	(40, 0.0)	(45, 0.0)	(50, 0.0)	(55, 0.0)	(60, 9.10156205558779e-05)	(65, 2.2753905138969476e-05)	(70, 0.0)	(75, 0.0)	(80, 4.550781027793895e-05)	(85, 2.2753905138969476e-05)	(90, 0.00015927733597278633)	(95, 0.0)	(100, 0.0)	(105, 0.0)	(110, 0.0)	(115, 9.10156205558779e-05)	(120, 0.0006371093438911453)	(125, 0.0)	(130, 0.0)	(135, 0.0)	(140, 0.0)	(145, 0.0)	(150, 7.277236513097571e-05)
PID-2861-35_S230_R1_001	(1, 0.00023184481235640113)	(2, 0.028748756732193737)	(3, 0.0013910688741384067)	(4, 0.0)	(5, 0.0)	(6, 0.0)	(7, 0.0)	(8, 0.0)	(9, 0.0)	(10, 0.0)	(15, 0.0)	(20, 0.0)	(25, 0.0)	(30, 0.10113070714986216)	(35, 0.08728957185218503)	(40, 0.0)	(45, 0.0)	(50, 0.0)	(55, 0.0)	(60, 4.6368962471280227e-05)	(65, 0.0)	(70, 0.0)	(75, 0.0)	(80, 0.0)	(85, 0.0)	(90, 4.6368962471280227e-05)	(95, 0.0)	(100, 0.0)	(105, 4.6368962471280227e-05)	(110, 0.0)	(115, 0.0)	(120, 0.00030139825606332146)	(125, 0.0)	(130, 0.0)	(135, 0.0)	(140, 0.00011592283619593185)	(145, 0.0)	(150, 0.0)
PID-2861-35_S230_R2_001	(1, 0.00011592240617820056)	(2, 0.0)	(3, 0.0015069912803166072)	(4, 0.0)	(5, 0.0)	(6, 0.0)	(7, 0.0)	(8, 0.0)	(9, 0.0)	(10, 0.0)	(15, 0.0)	(20, 0.0)	(25, 0.0)	(30, 0.0001391068874138407)	(35, 0.0)	(40, 0.0)	(45, 0.0)	(50, 0.0)	(55, 0.0)	(60, 4.6368962471280227e-05)	(65, 0.0)	(70, 0.0)	(75, 0.0)	(80, 0.0)	(85, 0.0)	(90, 0.00011592240617820056)	(95, 0.0)	(100, 0.0)	(105, 0.0)	(110, 0.0)	(115, 9.273792494256045e-05)	(120, 0.0005564275496553627)	(125, 0.0)	(130, 0.0)	(135, 0.0)	(140, 0.0)	(145, 0.0)	(150, 0.0)
PID-2861-36_S231_R1_001	(1, 0.0001871849443405568)	(2, 0.02976240615014853)	(3, 0.002152626859916403)	(4, 0.0)	(5, 0.0)	(6, 0.0)	(7, 0.0)	(8, 0.0)	(9, 0.0)	(10, 0.0)	(15, 0.0)	(20, 0.0)	(25, 0.0)	(30, 0.09825337728435826)	(35, 0.08945568490035209)	(40, 0.0)	(45, 0.0)	(50, 0.0)	(55, 0.0)	(60, 9.35924721702784e-05)	(65, 0.0)	(70, 0.0)	(75, 0.0)	(80, 0.0)	(85, 0.0)	(90, 7.487397773622271e-05)	(95, 0.0)	(100, 0.0)	(105, 0.0)	(110, 5.615548330216704e-05)	(115, 0.0)	(120, 0.0003743698886811136)	(125, 0.0)	(130, 0.0)	(135, 0.0)	(140, 3.743725516035126e-05)	(145, 0.0)	(150, 0.0)
PID-2861-36_S231_R2_001	(1, 0.00046796236085139194)	(2, 0.0)	(3, 0.0014038870825541759)	(4, 0.0)	(5, 0.0)	(6, 0.0)	(7, 0.0)	(8, 0.0)	(9, 0.0)	(10, 0.0)	(15, 0.0)	(20, 0.0)	(25, 0.0)	(30, 0.00024334042764272384)	(35, 1.871849443405568e-05)	(40, 0.0)	(45, 0.0)	(50, 0.0)	(55, 0.0)	(60, 0.00011231096660433408)	(65, 3.743698886811136e-05)	(70, 0.0)	(75, 0.0)	(80, 0.0)	(85, 5.615548330216704e-05)	(90, 0.0001871849443405568)	(95, 0.0)	(100, 0.0)	(105, 0.0)	(110, 0.0)	(115, 1.871849443405568e-05)	(120, 0.0004492438664173363)	(125, 0.0)	(130, 0.0)	(135, 1.871849443405568e-05)	(140, 0.0)	(145, 0.0)	(150, 0.0001804162925534378)
PID-2861-37_S232_R1_001	(1, 0.0)	(2, 0.011230756099423637)	(3, 0.00022461512198847277)	(4, 0.0)	(5, 0.0)	(6, 0.0)	(7, 0.0)	(8, 0.0)	(9, 0.0)	(10, 0.0)	(15, 0.0)	(20, 0.0)	(25, 0.0)	(30, 0.053593168106449596)	(35, 0.06823807406009802)	(40, 0.0)	(45, 0.0)	(50, 0.0)	(55, 0.0)	(60, 4.492302439769455e-05)	(65, 0.0)	(70, 0.0)	(75, 0.0)	(80, 0.0)	(85, 0.0)	(90, 0.0)	(95, 0.0)	(100, 0.0)	(105, 0.0)	(110, 0.0)	(115, 0.0)	(120, 0.00022461512198847277)	(125, 0.0)	(130, 0.0)	(135, 0.0)	(140, 0.0)	(145, 0.0)	(150, 0.0)
PID-2861-37_S232_R2_001	(1, 0.0)	(2, 0.0)	(3, 0.0015723058539193094)	(4, 0.0)	(5, 0.0)	(6, 0.0)	(7, 0.0)	(8, 0.0)	(9, 0.0)	(10, 0.0)	(15, 0.0)	(20, 0.0)	(25, 0.0)	(30, 0.00022461512198847277)	(35, 0.0)	(40, 0.0)	(45, 0.0)	(50, 0.0)	(55, 0.0)	(60, 4.492302439769455e-05)	(65, 0.0)	(70, 0.0)	(75, 0.0)	(80, 0.0)	(85, 0.0)	(90, 4.492302439769455e-05)	(95, 0.0)	(100, 0.0)	(105, 0.0)	(110, 0.0)	(115, 0.0)	(120, 0.00022461512198847277)	(125, 0.0)	(130, 0.0)	(135, 0.0)	(140, 0.0)	(145, 0.0)	(150, 0.0)
PID-2861-38_S233_R1_001	(1, 0.00027498389052708)	(2, 0.025481840522176075)	(3, 0.00128325815579304)	(4, 0.0)	(5, 0.0)	(6, 0.0)	(7, 0.0)	(8, 0.0)	(9, 0.0)	(10, 0.0)	(15, 0.0)	(20, 0.0)	(25, 0.0)	(30, 0.09750928758090256)	(35, 0.09279789692320524)	(40, 0.0)	(45, 0.0)	(50, 0.0)	(55, 0.0)	(60, 0.0)	(65, 0.0)	(70, 0.0)	(75, 0.0)	(80, 0.0)	(85, 0.0)	(90, 0.0)	(95, 0.0)	(100, 0.0)	(105, 0.0)	(110, 1.8332259368472e-05)	(115, 1.8332259368472e-05)	(120, 0.00034831292800096794)	(125, 0.0)	(130, 0.0)	(135, 0.0)	(140, 0.0)	(145, 0.0)	(150, 0.0)
PID-2861-38_S233_R2_001	(1, 0.0)	(2, 0.0)	(3, 0.0016499033431624796)	(4, 0.0)	(5, 0.0)	(6, 0.0)	(7, 0.0)	(8, 0.0)	(9, 0.0)	(10, 0.0)	(15, 0.0)	(20, 0.0)	(25, 0.0)	(30, 0.00023831937179013597)	(35, 0.0)	(40, 0.0)	(45, 0.0)	(50, 0.0)	(55, 0.0)	(60, 3.6664518736944e-05)	(65, 1.8332259368472e-05)	(70, 0.0)	(75, 0.0)	(80, 0.0)	(85, 1.8332259368472e-05)	(90, 9.166129684236e-05)	(95, 0.0)	(100, 0.0)	(105, 0.0)	(110, 0.0)	(115, 0.0)	(120, 0.0004033097061063839)	(125, 0.0)	(130, 0.0)	(135, 0.0)	(140, 0.0)	(145, 0.0)	(150, 5.878366025865986e-05)
PID-2861-39_S234_R1_001	(1, 9.55204719475478e-05)	(2, 0.028560621112316793)	(3, 0.001910409438950956)	(4, 0.0)	(5, 0.0)	(6, 0.0)	(7, 0.0)	(8, 0.0)	(9, 0.0)	(10, 0.0)	(15, 0.0)	(20, 0.0)	(25, 0.0)	(30, 0.09823325335085815)	(35, 0.09273127416667941)	(40, 0.0)	(45, 0.0)	(50, 0.0)	(55, 0.0)	(60, 5.731228316852868e-05)	(65, 0.0)	(70, 0.0)	(75, 1.910409438950956e-05)	(80, 0.0)	(85, 0.0)	(90, 5.731228316852868e-05)	(95, 0.0)	(100, 0.0)	(105, 5.731228316852868e-05)	(110, 1.910409438950956e-05)	(115, 3.820818877901912e-05)	(120, 0.0005158105485167582)	(125, 0.0)	(130, 0.0)	(135, 5.731228316852868e-05)	(140, 0.00015283403980868236)	(145, 0.0)	(150, 0.0)
PID-2861-39_S234_R2_001	(1, 0.0001910409438950956)	(2, 0.0)	(3, 0.001814888967003408)	(4, 0.0)	(5, 0.0)	(6, 0.0)	(7, 0.0)	(8, 0.0)	(9, 0.0)	(10, 0.0)	(15, 0.0)	(20, 0.0)	(25, 0.0)	(30, 0.0002865614158426434)	(35, 1.910409438950956e-05)	(40, 0.0)	(45, 0.0)	(50, 0.0)	(55, 0.0)	(60, 9.55204719475478e-05)	(65, 1.910409438950956e-05)	(70, 0.0)	(75, 0.0)	(80, 5.731228316852868e-05)	(85, 1.910409438950956e-05)	(90, 0.00021014503828460516)	(95, 0.0)	(100, 0.0)	(105, 1.910409438950956e-05)	(110, 0.0)	(115, 9.55204719475478e-05)	(120, 0.0005922269260747964)	(125, 0.0)	(130, 1.910409438950956e-05)	(135, 7.641637755803824e-05)	(140, 0.0)	(145, 0.0)	(150, 6.124962714289477e-05)
PID-2861-3_S198_R1_001	(1, 0.00034035176489407686)	(2, 0.023938074130883405)	(3, 0.0013614070595763075)	(4, 0.0)	(5, 0.0)	(6, 0.0)	(7, 0.0)	(8, 0.0)	(9, 0.0)	(10, 0.0)	(15, 0.0)	(20, 0.0)	(25, 0.0)	(30, 0.09071509040310129)	(35, 0.0792792711026603)	(40, 0.0)	(45, 0.0)	(50, 0.0)	(55, 0.0)	(60, 0.0)	(65, 0.0)	(70, 0.0)	(75, 0.0)	(80, 0.0)	(85, 0.0)	(90, 0.0)	(95, 0.0)	(100, 0.0)	(105, 0.0)	(110, 6.807035297881537e-05)	(115, 0.0)	(120, 0.00022690117659605126)	(125, 0.0)	(130, 0.0)	(135, 0.0)	(140, 4.538045155364514e-05)	(145, 0.0)	(150, 0.0)
PID-2861-3_S198_R2_001	(1, 0.0)	(2, 0.0)	(3, 0.0011345058829802562)	(4, 0.0)	(5, 0.0)	(6, 0.0)	(7, 0.0)	(8, 0.0)	(9, 0.0)	(10, 0.0)	(15, 0.0)	(20, 2.2690117659605123e-05)	(25, 0.0)	(30, 0.000181520941276841)	(35, 4.538023531921025e-05)	(40, 0.0)	(45, 0.0)	(50, 0.0)	(55, 0.0)	(60, 6.807035297881537e-05)	(65, 4.538023531921025e-05)	(70, 2.2690117659605123e-05)	(75, 0.0)	(80, 0.0)	(85, 4.538023531921025e-05)	(90, 9.07604706384205e-05)	(95, 0.0)	(100, 2.2690117659605123e-05)	(105, 4.538023531921025e-05)	(110, 0.0)	(115, 2.2690117659605123e-05)	(120, 0.000363041882553682)	(125, 2.2690117659605123e-05)	(130, 2.2690117659605123e-05)	(135, 4.538023531921025e-05)	(140, 2.269046260861357e-05)	(145, 2.2815964604225154e-05)	(150, 7.275521072819236e-05)
PID-2861-40_S235_R1_001	(1, 0.0003135775963441033)	(2, 0.03376185453971513)	(3, 0.0021950431744087234)	(4, 0.0)	(5, 0.0)	(6, 0.0)	(7, 0.0)	(8, 0.0)	(9, 0.0)	(10, 0.0)	(15, 0.0)	(20, 0.0)	(25, 0.0)	(30, 0.09756444280919535)	(35, 0.09543211515405545)	(40, 0.0)	(45, 0.0)	(50, 0.0)	(55, 0.0)	(60, 4.1810346179213775e-05)	(65, 0.0)	(70, 0.0)	(75, 0.0)	(80, 0.0)	(85, 0.0)	(90, 2.0905173089606888e-05)	(95, 0.0)	(100, 0.0)	(105, 0.0)	(110, 4.1810346179213775e-05)	(115, 8.362069235842755e-05)	(120, 0.0003553879425233171)	(125, 0.0)	(130, 0.0)	(135, 0.0)	(140, 2.0905352271910065e-05)	(145, 0.0)	(150, 0.0)
PID-2861-40_S235_R2_001	(1, 0.0)	(2, 0.0)	(3, 0.0015678879817205165)	(4, 0.0)	(5, 0.0)	(6, 0.0)	(7, 0.0)	(8, 0.0)	(9, 0.0)	(10, 0.0)	(15, 0.0)	(20, 0.0)	(25, 0.0)	(30, 0.00029267242325449645)	(35, 0.0)	(40, 0.0)	(45, 0.0)	(50, 0.0)	(55, 0.0)	(60, 8.362069235842755e-05)	(65, 4.1810346179213775e-05)	(70, 0.0)	(75, 0.0)	(80, 0.0)	(85, 4.1810346179213775e-05)	(90, 0.00010452586544803445)	(95, 0.0)	(100, 0.0)	(105, 0.0)	(110, 0.0)	(115, 0.0)	(120, 0.0005017241541505653)	(125, 0.0)	(130, 0.0)	(135, 2.0905173089606888e-05)	(140, 0.0)	(145, 0.0)	(150, 0.00013390941162213176)
PID-2861-4_S199_R1_001	(1, 0.00010961943421025228)	(2, 0.025431708736778524)	(3, 0.002302008118415298)	(4, 0.0)	(5, 0.0)	(6, 0.0)	(7, 0.0)	(8, 0.0)	(9, 0.0)	(10, 0.0)	(15, 0.0)	(20, 0.0)	(25, 0.0)	(30, 0.09745167701291427)	(35, 0.09120336926292989)	(40, 0.0)	(45, 0.0)	(50, 0.0)	(55, 0.0)	(60, 8.769554736820181e-05)	(65, 0.0)	(70, 0.0)	(75, 0.0)	(80, 0.0)	(85, 0.0)	(90, 6.577166052615137e-05)	(95, 0.0)	(100, 0.0)	(105, 0.0)	(110, 4.3847773684100905e-05)	(115, 2.1923886842050452e-05)	(120, 0.0003727060763148577)	(125, 0.0)	(130, 0.0)	(135, 0.0)	(140, 2.1923992587059627e-05)	(145, 0.0)	(150, 0.0)
PID-2861-4_S199_R2_001	(1, 0.00021923886842050455)	(2, 0.0)	(3, 0.002192388684205045)	(4, 0.0)	(5, 0.0)	(6, 0.0)	(7, 0.0)	(8, 0.0)	(9, 0.0)	(10, 0.0)	(15, 0.0)	(20, 0.0)	(25, 0.0)	(30, 0.00035078218947280724)	(35, 0.0)	(40, 0.0)	(45, 0.0)	(50, 0.0)	(55, 0.0)	(60, 0.00010961943421025228)	(65, 4.3847773684100905e-05)	(70, 0.0)	(75, 0.0)	(80, 0.0)	(85, 4.3847773684100905e-05)	(90, 0.00024116275526255498)	(95, 0.0)	(100, 0.0)	(105, 0.0)	(110, 0.0)	(115, 0.0)	(120, 0.0005042493973671605)	(125, 0.0)	(130, 0.0)	(135, 0.0)	(140, 0.0)	(145, 0.0)	(150, 0.00014028039244842592)
PID-2861-5_S200_R1_001	(1, 0.0)	(2, 0.028239291823908177)	(3, 0.003267356078799293)	(4, 0.0)	(5, 0.0)	(6, 0.0)	(7, 0.0)	(8, 0.0)	(9, 0.0)	(10, 0.0)	(15, 0.0)	(20, 0.0)	(25, 0.0)	(30, 0.09762393198298175)	(35, 0.09645701909769629)	(40, 0.0)	(45, 0.0)	(50, 0.0)	(55, 0.0)	(60, 2.3338257705709236e-05)	(65, 0.0)	(70, 0.0)	(75, 0.0)	(80, 0.0)	(85, 0.0)	(90, 2.3338257705709236e-05)	(95, 0.0)	(100, 0.0)	(105, 0.0)	(110, 0.0)	(115, 0.0)	(120, 0.0003267356078799293)	(125, 0.0)	(130, 0.0)	(135, 0.0)	(140, 0.0)	(145, 0.0)	(150, 0.0)
PID-2861-5_S200_R2_001	(1, 0.00011669128852854617)	(2, 0.0)	(3, 0.0021004431935138317)	(4, 0.0)	(5, 0.0)	(6, 0.0)	(7, 0.0)	(8, 0.0)	(9, 0.0)	(10, 0.0)	(15, 0.0)	(20, 0.0)	(25, 0.0)	(30, 0.00025672083476280163)	(35, 0.0)	(40, 0.0)	(45, 0.0)	(50, 0.0)	(55, 0.0)	(60, 2.3338257705709236e-05)	(65, 0.0)	(70, 0.0)	(75, 0.0)	(80, 0.0)	(85, 0.0)	(90, 0.00011669128852854617)	(95, 0.0)	(100, 0.0)	(105, 0.0)	(110, 0.0)	(115, 0.0)	(120, 0.0005134416695256033)	(125, 0.0)	(130, 0.0)	(135, 0.0)	(140, 0.0)	(145, 0.0)	(150, 0.0)
PID-2861-6_S201_R1_001	(1, 0.00022002950595674878)	(2, 0.029373939045225967)	(3, 0.0019802655536107394)	(4, 0.0)	(5, 0.0)	(6, 0.0)	(7, 0.0)	(8, 0.0)	(9, 0.0)	(10, 0.0)	(15, 0.0)	(20, 0.0)	(25, 0.0)	(30, 0.09896927177934561)	(35, 0.0917082980827729)	(40, 0.0)	(45, 0.0)	(50, 0.0)	(55, 0.0)	(60, 6.600885178702464e-05)	(65, 0.0)	(70, 0.0)	(75, 0.0)	(80, 0.0)	(85, 0.0)	(90, 2.200295059567488e-05)	(95, 0.0)	(100, 0.0)	(105, 0.0)	(110, 6.600885178702464e-05)	(115, 0.0)	(120, 0.0003080413083394483)	(125, 0.0)	(130, 0.0)	(135, 0.0)	(140, 8.801251890068843e-05)	(145, 2.212423154247266e-05)	(150, 0.0)
PID-2861-6_S201_R2_001	(1, 0.00022002950595674878)	(2, 0.0)	(3, 0.0015402065416972417)	(4, 0.0)	(5, 0.0)	(6, 0.0)	(7, 0.0)	(8, 0.0)	(9, 0.0)	(10, 0.0)	(15, 0.0)	(20, 0.0)	(25, 0.0)	(30, 0.00017602360476539903)	(35, 0.0)	(40, 0.0)	(45, 0.0)	(50, 0.0)	(55, 0.0)	(60, 4.400590119134976e-05)	(65, 2.200295059567488e-05)	(70, 0.0)	(75, 0.0)	(80, 0.0)	(85, 2.200295059567488e-05)	(90, 0.00011001475297837439)	(95, 0.0)	(100, 0.0)	(105, 4.400590119134976e-05)	(110, 0.0)	(115, 8.801180238269952e-05)	(120, 0.0004180560613178227)	(125, 4.400590119134976e-05)	(130, 2.200295059567488e-05)	(135, 2.200295059567488e-05)	(140, 0.0)	(145, 0.0)	(150, 0.0001411091034421449)
PID-2861-7_S202_R1_001	(1, 0.0)	(2, 0.026436995270256315)	(3, 0.003924241485428671)	(4, 0.0)	(5, 0.0)	(6, 0.0)	(7, 0.0)	(8, 0.0)	(9, 0.0)	(10, 0.0)	(15, 0.0)	(20, 0.0)	(25, 0.0)	(30, 0.09672222566453932)	(35, 0.09411983394262347)	(40, 0.0)	(45, 0.0)	(50, 0.0)	(55, 0.0)	(60, 8.261561021955099e-05)	(65, 0.0)	(70, 0.0)	(75, 0.0)	(80, 0.0)	(85, 0.0)	(90, 0.0)	(95, 0.0)	(100, 0.0)	(105, 0.0)	(110, 4.1307805109775495e-05)	(115, 2.0653902554887748e-05)	(120, 0.000578309271536857)	(125, 0.0)	(130, 0.0)	(135, 0.0)	(140, 4.1308223166023325e-05)	(145, 2.0765145785859017e-05)	(150, 0.0)
PID-2861-7_S202_R2_001	(1, 0.00010326951277443873)	(2, 0.0)	(3, 0.0027882768449098458)	(4, 0.0)	(5, 0.0)	(6, 0.0)	(7, 0.0)	(8, 0.0)	(9, 0.0)	(10, 0.0)	(15, 0.0)	(20, 0.0)	(25, 0.0)	(30, 0.0004130780510977549)	(35, 2.0653902554887748e-05)	(40, 0.0)	(45, 0.0)	(50, 0.0)	(55, 0.0)	(60, 0.00010326951277443873)	(65, 4.1307805109775495e-05)	(70, 0.0)	(75, 0.0)	(80, 0.0)	(85, 4.1307805109775495e-05)	(90, 0.0002271929281037652)	(95, 0.0)	(100, 0.0)	(105, 4.1307805109775495e-05)	(110, 0.0)	(115, 4.1307805109775495e-05)	(120, 0.0006196170766466324)	(125, 2.0653902554887748e-05)	(130, 2.0653902554887748e-05)	(135, 2.0653902554887748e-05)	(140, 0.0)	(145, 0.0)	(150, 0.0)
PID-2861-8_S203_R1_001	(1, 0.00020422542402303662)	(2, 0.025017614442821988)	(3, 0.001633803392184293)	(4, 0.0)	(5, 0.0)	(6, 0.0)	(7, 0.0)	(8, 0.0)	(9, 0.0)	(10, 0.0)	(15, 0.0)	(20, 0.0)	(25, 0.0)	(30, 0.09906975319357507)	(35, 0.08830707334756104)	(40, 0.0)	(45, 0.0)	(50, 0.0)	(55, 0.0)	(60, 4.0845084804607326e-05)	(65, 0.0)	(70, 0.0)	(75, 6.1267627206911e-05)	(80, 0.0)	(85, 0.0)	(90, 4.0845084804607326e-05)	(95, 0.0)	(100, 0.0)	(105, 0.00010211271201151831)	(110, 2.0422542402303663e-05)	(115, 4.0845084804607326e-05)	(120, 0.00038802830564376963)	(125, 0.0)	(130, 0.0)	(135, 6.1267627206911e-05)	(140, 0.00018380464588707492)	(145, 0.0)	(150, 0.0)
PID-2861-8_S203_R2_001	(1, 0.00010211271201151831)	(2, 0.0)	(3, 0.0014295779681612565)	(4, 0.0)	(5, 0.0)	(6, 0.0)	(7, 0.0)	(8, 0.0)	(9, 0.0)	(10, 0.0)	(15, 0.0)	(20, 0.0)	(25, 0.0)	(30, 0.0002654930512299476)	(35, 0.0)	(40, 0.0)	(45, 0.0)	(50, 0.0)	(55, 0.0)	(60, 8.169016960921465e-05)	(65, 2.0422542402303663e-05)	(70, 0.0)	(75, 0.0)	(80, 8.169016960921465e-05)	(85, 2.0422542402303663e-05)	(90, 0.00018380288162073296)	(95, 0.0)	(100, 0.0)	(105, 0.0)	(110, 0.0)	(115, 0.0002859155936322513)	(120, 0.0006739438992760209)	(125, 0.0)	(130, 2.0422542402303663e-05)	(135, 2.0422542402303663e-05)	(140, 0.0)	(145, 0.0)	(150, 0.00013063169569085223)
PID-2861-9_S204_R1_001	(1, 0.00038301555809196967)	(2, 0.029875213531173637)	(3, 0.001819323900936856)	(4, 0.0)	(5, 0.0)	(6, 0.0)	(7, 0.0)	(8, 0.0)	(9, 0.0)	(10, 0.0)	(15, 0.0)	(20, 0.0)	(25, 0.0)	(30, 0.09625180974851198)	(35, 0.09196203549788193)	(40, 0.0)	(45, 0.0)	(50, 0.0)	(55, 0.0)	(60, 3.830155580919697e-05)	(65, 0.0)	(70, 0.0)	(75, 0.0)	(80, 0.0)	(85, 0.0)	(90, 3.830155580919697e-05)	(95, 0.0)	(100, 0.0)	(105, 0.0)	(110, 3.830155580919697e-05)	(115, 0.0)	(120, 0.00042131711390116665)	(125, 0.0)	(130, 0.0)	(135, 0.0)	(140, 1.915102363178863e-05)	(145, 0.0)	(150, 0.0)
PID-2861-9_S204_R2_001	(1, 9.575388952299242e-05)	(2, 0.0)	(3, 0.0017235700114138636)	(4, 0.0)	(5, 0.0)	(6, 0.0)	(7, 0.0)	(8, 0.0)	(9, 0.0)	(10, 0.0)	(15, 0.0)	(20, 0.0)	(25, 0.0)	(30, 0.00030641244647357577)	(35, 0.0)	(40, 0.0)	(45, 0.0)	(50, 0.0)	(55, 0.0)	(60, 7.660311161839394e-05)	(65, 3.830155580919697e-05)	(70, 0.0)	(75, 0.0)	(80, 0.0)	(85, 3.830155580919697e-05)	(90, 0.00015320622323678788)	(95, 0.0)	(100, 0.0)	(105, 0.0)	(110, 0.0)	(115, 0.0)	(120, 0.0005553725592333561)	(125, 0.0)	(130, 0.0)	(135, 0.0)	(140, 0.0)	(145, 0.0)	(150, 6.12968576165943e-05)
