Sample	0	1	2	3	4	5	6	7	8	9	10	11	12	13	14	15	16	17	18	19	20	21	22	23	24	25	26	27	28
PID-2861-10_R1	(15, 1.0)	(20, 2.0)	(25, 7.0)	(30, 34.0)	(35, 52.0)	(40, 164.0)	(45, 197.0)	(50, 303.0)	(55, 294.0)	(60, 412.0)	(65, 389.0)	(70, 437.0)	(75, 557.0)	(80, 619.0)	(85, 728.0)	(90, 750.0)	(95, 991.0)	(100, 993.0)	(105, 1288.0)	(110, 1088.0)	(115, 1565.0)	(120, 1326.0)	(125, 1791.0)	(130, 1576.0)	(135, 2735.0)	(140, 2225.0)	(145, 62195.0)	(150, 730392.0)	
PID-2861-10_R2	(15, 1.0)	(20, 2.0)	(25, 7.0)	(30, 34.0)	(35, 52.0)	(40, 164.0)	(45, 197.0)	(50, 303.0)	(55, 294.0)	(60, 412.0)	(65, 389.0)	(70, 437.0)	(75, 557.0)	(80, 619.0)	(85, 728.0)	(90, 750.0)	(95, 991.0)	(100, 993.0)	(105, 1288.0)	(110, 1088.0)	(115, 1565.0)	(120, 1326.0)	(125, 1791.0)	(130, 1576.0)	(135, 2735.0)	(140, 2218.0)	(145, 62240.0)	(150, 730354.0)	
PID-2861-11_R1	(10, 2.0)	(15, 1.0)	(20, 3.0)	(25, 3.0)	(30, 15.0)	(35, 38.0)	(40, 110.0)	(45, 134.0)	(50, 191.0)	(55, 186.0)	(60, 291.0)	(65, 334.0)	(70, 452.0)	(75, 470.0)	(80, 555.0)	(85, 566.0)	(90, 616.0)	(95, 775.0)	(100, 764.0)	(105, 1015.0)	(110, 932.0)	(115, 1260.0)	(120, 1136.0)	(125, 1543.0)	(130, 1370.0)	(135, 2419.0)	(140, 1988.0)	(145, 66418.0)	(150, 776881.0)
PID-2861-11_R2	(10, 2.0)	(15, 1.0)	(20, 3.0)	(25, 3.0)	(30, 15.0)	(35, 38.0)	(40, 110.0)	(45, 134.0)	(50, 191.0)	(55, 186.0)	(60, 291.0)	(65, 334.0)	(70, 452.0)	(75, 470.0)	(80, 555.0)	(85, 566.0)	(90, 616.0)	(95, 775.0)	(100, 764.0)	(105, 1015.0)	(110, 932.0)	(115, 1260.0)	(120, 1136.0)	(125, 1543.0)	(130, 1370.0)	(135, 2420.0)	(140, 1974.0)	(145, 66638.0)	(150, 776674.0)
PID-2861-12_R1	(10, 1.0)	(15, 2.0)	(20, 0.0)	(25, 5.0)	(30, 17.0)	(35, 34.0)	(40, 142.0)	(45, 121.0)	(50, 213.0)	(55, 187.0)	(60, 285.0)	(65, 300.0)	(70, 363.0)	(75, 412.0)	(80, 528.0)	(85, 572.0)	(90, 603.0)	(95, 780.0)	(100, 782.0)	(105, 915.0)	(110, 879.0)	(115, 1222.0)	(120, 1008.0)	(125, 1442.0)	(130, 1252.0)	(135, 2096.0)	(140, 1768.0)	(145, 57532.0)	(150, 674403.0)
PID-2861-12_R2	(10, 1.0)	(15, 2.0)	(20, 0.0)	(25, 5.0)	(30, 17.0)	(35, 34.0)	(40, 142.0)	(45, 121.0)	(50, 213.0)	(55, 187.0)	(60, 285.0)	(65, 300.0)	(70, 363.0)	(75, 412.0)	(80, 528.0)	(85, 572.0)	(90, 603.0)	(95, 780.0)	(100, 782.0)	(105, 915.0)	(110, 879.0)	(115, 1222.0)	(120, 1008.0)	(125, 1442.0)	(130, 1252.0)	(135, 2096.0)	(140, 1768.0)	(145, 57302.0)	(150, 674633.0)
PID-2861-13_R1	(20, 3.0)	(25, 4.0)	(30, 19.0)	(35, 43.0)	(40, 109.0)	(45, 136.0)	(50, 210.0)	(55, 237.0)	(60, 336.0)	(65, 328.0)	(70, 426.0)	(75, 450.0)	(80, 525.0)	(85, 574.0)	(90, 609.0)	(95, 877.0)	(100, 874.0)	(105, 1067.0)	(110, 1069.0)	(115, 1400.0)	(120, 1187.0)	(125, 1608.0)	(130, 1477.0)	(135, 2661.0)	(140, 2107.0)	(145, 70061.0)	(150, 827745.0)		
PID-2861-13_R2	(20, 3.0)	(25, 4.0)	(30, 19.0)	(35, 43.0)	(40, 109.0)	(45, 136.0)	(50, 210.0)	(55, 237.0)	(60, 336.0)	(65, 328.0)	(70, 426.0)	(75, 450.0)	(80, 525.0)	(85, 574.0)	(90, 609.0)	(95, 877.0)	(100, 874.0)	(105, 1067.0)	(110, 1069.0)	(115, 1400.0)	(120, 1187.0)	(125, 1608.0)	(130, 1477.0)	(135, 2660.0)	(140, 2122.0)	(145, 70447.0)	(150, 827345.0)		
PID-2861-14_R1	(10, 2.0)	(15, 2.0)	(20, 1.0)	(25, 8.0)	(30, 38.0)	(35, 62.0)	(40, 162.0)	(45, 170.0)	(50, 275.0)	(55, 310.0)	(60, 429.0)	(65, 430.0)	(70, 483.0)	(75, 520.0)	(80, 680.0)	(85, 683.0)	(90, 804.0)	(95, 940.0)	(100, 980.0)	(105, 1203.0)	(110, 1143.0)	(115, 1488.0)	(120, 1362.0)	(125, 1883.0)	(130, 1526.0)	(135, 2712.0)	(140, 2350.0)	(145, 70929.0)	(150, 832558.0)
PID-2861-14_R2	(10, 2.0)	(15, 2.0)	(20, 1.0)	(25, 8.0)	(30, 38.0)	(35, 62.0)	(40, 162.0)	(45, 170.0)	(50, 275.0)	(55, 310.0)	(60, 429.0)	(65, 430.0)	(70, 483.0)	(75, 520.0)	(80, 680.0)	(85, 683.0)	(90, 804.0)	(95, 940.0)	(100, 980.0)	(105, 1203.0)	(110, 1143.0)	(115, 1488.0)	(120, 1362.0)	(125, 1883.0)	(130, 1526.0)	(135, 2712.0)	(140, 2355.0)	(145, 71057.0)	(150, 832425.0)
PID-2861-15_R1	(10, 2.0)	(15, 1.0)	(20, 0.0)	(25, 0.0)	(30, 6.0)	(35, 7.0)	(40, 45.0)	(45, 55.0)	(50, 110.0)	(55, 120.0)	(60, 175.0)	(65, 160.0)	(70, 250.0)	(75, 248.0)	(80, 278.0)	(85, 428.0)	(90, 388.0)	(95, 519.0)	(100, 540.0)	(105, 701.0)	(110, 550.0)	(115, 849.0)	(120, 670.0)	(125, 1013.0)	(130, 928.0)	(135, 1511.0)	(140, 1297.0)	(145, 39408.0)	(150, 454062.0)
PID-2861-15_R2	(10, 2.0)	(15, 1.0)	(20, 0.0)	(25, 0.0)	(30, 6.0)	(35, 7.0)	(40, 45.0)	(45, 55.0)	(50, 110.0)	(55, 120.0)	(60, 175.0)	(65, 160.0)	(70, 250.0)	(75, 248.0)	(80, 278.0)	(85, 428.0)	(90, 388.0)	(95, 519.0)	(100, 540.0)	(105, 701.0)	(110, 550.0)	(115, 849.0)	(120, 670.0)	(125, 1013.0)	(130, 928.0)	(135, 1511.0)	(140, 1278.0)	(145, 39554.0)	(150, 453935.0)
PID-2861-16_R1	(15, 4.0)	(20, 1.0)	(25, 5.0)	(30, 14.0)	(35, 17.0)	(40, 105.0)	(45, 93.0)	(50, 178.0)	(55, 216.0)	(60, 247.0)	(65, 254.0)	(70, 320.0)	(75, 352.0)	(80, 464.0)	(85, 445.0)	(90, 495.0)	(95, 642.0)	(100, 604.0)	(105, 776.0)	(110, 742.0)	(115, 1048.0)	(120, 979.0)	(125, 1265.0)	(130, 1210.0)	(135, 1935.0)	(140, 1583.0)	(145, 56152.0)	(150, 659126.0)	
PID-2861-16_R2	(15, 4.0)	(20, 1.0)	(25, 5.0)	(30, 14.0)	(35, 17.0)	(40, 105.0)	(45, 93.0)	(50, 178.0)	(55, 216.0)	(60, 247.0)	(65, 254.0)	(70, 320.0)	(75, 352.0)	(80, 464.0)	(85, 445.0)	(90, 495.0)	(95, 642.0)	(100, 604.0)	(105, 776.0)	(110, 742.0)	(115, 1048.0)	(120, 979.0)	(125, 1265.0)	(130, 1210.0)	(135, 1933.0)	(140, 1581.0)	(145, 55934.0)	(150, 659348.0)	
PID-2861-17_R1	(10, 4.0)	(15, 1.0)	(20, 0.0)	(25, 7.0)	(30, 35.0)	(35, 86.0)	(40, 202.0)	(45, 221.0)	(50, 332.0)	(55, 283.0)	(60, 501.0)	(65, 467.0)	(70, 625.0)	(75, 638.0)	(80, 766.0)	(85, 875.0)	(90, 886.0)	(95, 1077.0)	(100, 1060.0)	(105, 1281.0)	(110, 1194.0)	(115, 1614.0)	(120, 1441.0)	(125, 1991.0)	(130, 1611.0)	(135, 2714.0)	(140, 2216.0)	(145, 69481.0)	(150, 823645.0)
PID-2861-17_R2	(10, 4.0)	(15, 1.0)	(20, 0.0)	(25, 7.0)	(30, 35.0)	(35, 86.0)	(40, 202.0)	(45, 221.0)	(50, 332.0)	(55, 283.0)	(60, 501.0)	(65, 467.0)	(70, 625.0)	(75, 638.0)	(80, 766.0)	(85, 875.0)	(90, 886.0)	(95, 1077.0)	(100, 1060.0)	(105, 1281.0)	(110, 1194.0)	(115, 1614.0)	(120, 1441.0)	(125, 1991.0)	(130, 1611.0)	(135, 2714.0)	(140, 2223.0)	(145, 70101.0)	(150, 823018.0)
PID-2861-18_R1	(10, 1.0)	(15, 2.0)	(20, 3.0)	(25, 7.0)	(30, 33.0)	(35, 82.0)	(40, 189.0)	(45, 221.0)	(50, 371.0)	(55, 341.0)	(60, 568.0)	(65, 477.0)	(70, 704.0)	(75, 666.0)	(80, 816.0)	(85, 867.0)	(90, 968.0)	(95, 1188.0)	(100, 1081.0)	(105, 1368.0)	(110, 1252.0)	(115, 1769.0)	(120, 1583.0)	(125, 2190.0)	(130, 1943.0)	(135, 3230.0)	(140, 2565.0)	(145, 75621.0)	(150, 883540.0)
PID-2861-18_R2	(10, 1.0)	(15, 2.0)	(20, 3.0)	(25, 7.0)	(30, 33.0)	(35, 82.0)	(40, 189.0)	(45, 221.0)	(50, 371.0)	(55, 341.0)	(60, 568.0)	(65, 477.0)	(70, 704.0)	(75, 666.0)	(80, 816.0)	(85, 867.0)	(90, 968.0)	(95, 1188.0)	(100, 1081.0)	(105, 1368.0)	(110, 1252.0)	(115, 1769.0)	(120, 1583.0)	(125, 2190.0)	(130, 1943.0)	(135, 3230.0)	(140, 2567.0)	(145, 75131.0)	(150, 884028.0)
PID-2861-19_R1	(15, 3.0)	(20, 2.0)	(25, 12.0)	(30, 45.0)	(35, 94.0)	(40, 232.0)	(45, 252.0)	(50, 414.0)	(55, 426.0)	(60, 573.0)	(65, 601.0)	(70, 722.0)	(75, 768.0)	(80, 932.0)	(85, 1071.0)	(90, 1140.0)	(95, 1312.0)	(100, 1304.0)	(105, 1667.0)	(110, 1467.0)	(115, 2079.0)	(120, 1834.0)	(125, 2444.0)	(130, 2199.0)	(135, 3634.0)	(140, 3057.0)	(145, 86265.0)	(150, 1005327.0)	
PID-2861-19_R2	(15, 3.0)	(20, 2.0)	(25, 12.0)	(30, 45.0)	(35, 94.0)	(40, 232.0)	(45, 252.0)	(50, 414.0)	(55, 426.0)	(60, 573.0)	(65, 601.0)	(70, 722.0)	(75, 768.0)	(80, 932.0)	(85, 1071.0)	(90, 1140.0)	(95, 1312.0)	(100, 1304.0)	(105, 1667.0)	(110, 1467.0)	(115, 2079.0)	(120, 1834.0)	(125, 2444.0)	(130, 2199.0)	(135, 3634.0)	(140, 3040.0)	(145, 85663.0)	(150, 1005946.0)	
PID-2861-1_R1	(10, 2.0)	(15, 1.0)	(20, 2.0)	(25, 14.0)	(30, 36.0)	(35, 79.0)	(40, 224.0)	(45, 209.0)	(50, 383.0)	(55, 302.0)	(60, 567.0)	(65, 430.0)	(70, 703.0)	(75, 669.0)	(80, 820.0)	(85, 962.0)	(90, 1026.0)	(95, 1168.0)	(100, 1129.0)	(105, 1396.0)	(110, 1308.0)	(115, 1717.0)	(120, 1588.0)	(125, 2165.0)	(130, 1831.0)	(135, 3132.0)	(140, 2497.0)	(145, 76338.0)	(150, 887904.0)
PID-2861-1_R2	(10, 2.0)	(15, 1.0)	(20, 2.0)	(25, 14.0)	(30, 36.0)	(35, 79.0)	(40, 224.0)	(45, 209.0)	(50, 383.0)	(55, 302.0)	(60, 567.0)	(65, 430.0)	(70, 703.0)	(75, 669.0)	(80, 820.0)	(85, 962.0)	(90, 1026.0)	(95, 1168.0)	(100, 1129.0)	(105, 1396.0)	(110, 1308.0)	(115, 1717.0)	(120, 1588.0)	(125, 2165.0)	(130, 1831.0)	(135, 3132.0)	(140, 2479.0)	(145, 75920.0)	(150, 888340.0)
PID-2861-20_R1	(10, 2.0)	(15, 0.0)	(20, 2.0)	(25, 9.0)	(30, 33.0)	(35, 49.0)	(40, 180.0)	(45, 202.0)	(50, 300.0)	(55, 317.0)	(60, 483.0)	(65, 470.0)	(70, 674.0)	(75, 669.0)	(80, 837.0)	(85, 835.0)	(90, 961.0)	(95, 1182.0)	(100, 1137.0)	(105, 1392.0)	(110, 1291.0)	(115, 1705.0)	(120, 1497.0)	(125, 2151.0)	(130, 1837.0)	(135, 3206.0)	(140, 2637.0)	(145, 79353.0)	(150, 935021.0)
PID-2861-20_R2	(10, 2.0)	(15, 0.0)	(20, 2.0)	(25, 9.0)	(30, 33.0)	(35, 49.0)	(40, 180.0)	(45, 202.0)	(50, 300.0)	(55, 317.0)	(60, 483.0)	(65, 470.0)	(70, 674.0)	(75, 669.0)	(80, 837.0)	(85, 835.0)	(90, 961.0)	(95, 1182.0)	(100, 1137.0)	(105, 1392.0)	(110, 1291.0)	(115, 1705.0)	(120, 1497.0)	(125, 2151.0)	(130, 1837.0)	(135, 3205.0)	(140, 2631.0)	(145, 79222.0)	(150, 935159.0)
PID-2861-21_R1	(10, 1.0)	(15, 1.0)	(20, 0.0)	(25, 10.0)	(30, 41.0)	(35, 83.0)	(40, 271.0)	(45, 260.0)	(50, 409.0)	(55, 384.0)	(60, 640.0)	(65, 621.0)	(70, 637.0)	(75, 805.0)	(80, 882.0)	(85, 940.0)	(90, 1026.0)	(95, 1239.0)	(100, 1293.0)	(105, 1537.0)	(110, 1408.0)	(115, 1959.0)	(120, 1675.0)	(125, 2355.0)	(130, 2035.0)	(135, 3458.0)	(140, 2763.0)	(145, 82871.0)	(150, 966424.0)
PID-2861-21_R2	(10, 1.0)	(15, 1.0)	(20, 0.0)	(25, 10.0)	(30, 41.0)	(35, 83.0)	(40, 271.0)	(45, 260.0)	(50, 409.0)	(55, 384.0)	(60, 640.0)	(65, 621.0)	(70, 637.0)	(75, 805.0)	(80, 882.0)	(85, 940.0)	(90, 1026.0)	(95, 1239.0)	(100, 1293.0)	(105, 1537.0)	(110, 1408.0)	(115, 1959.0)	(120, 1675.0)	(125, 2355.0)	(130, 2035.0)	(135, 3457.0)	(140, 2774.0)	(145, 82879.0)	(150, 966406.0)
PID-2861-22_R1	(15, 1.0)	(20, 2.0)	(25, 2.0)	(30, 30.0)	(35, 63.0)	(40, 145.0)	(45, 188.0)	(50, 287.0)	(55, 297.0)	(60, 479.0)	(65, 431.0)	(70, 573.0)	(75, 646.0)	(80, 702.0)	(85, 848.0)	(90, 877.0)	(95, 1040.0)	(100, 1143.0)	(105, 1352.0)	(110, 1254.0)	(115, 1651.0)	(120, 1483.0)	(125, 1905.0)	(130, 1685.0)	(135, 2995.0)	(140, 2348.0)	(145, 77344.0)	(150, 906588.0)	
PID-2861-22_R2	(15, 1.0)	(20, 2.0)	(25, 2.0)	(30, 30.0)	(35, 63.0)	(40, 145.0)	(45, 188.0)	(50, 287.0)	(55, 297.0)	(60, 479.0)	(65, 431.0)	(70, 573.0)	(75, 646.0)	(80, 702.0)	(85, 848.0)	(90, 877.0)	(95, 1040.0)	(100, 1143.0)	(105, 1352.0)	(110, 1254.0)	(115, 1651.0)	(120, 1483.0)	(125, 1905.0)	(130, 1685.0)	(135, 2995.0)	(140, 2339.0)	(145, 76436.0)	(150, 907505.0)	
PID-2861-23_R1	(10, 1.0)	(15, 1.0)	(20, 3.0)	(25, 4.0)	(30, 38.0)	(35, 65.0)	(40, 183.0)	(45, 138.0)	(50, 274.0)	(55, 245.0)	(60, 369.0)	(65, 317.0)	(70, 450.0)	(75, 433.0)	(80, 596.0)	(85, 625.0)	(90, 681.0)	(95, 874.0)	(100, 914.0)	(105, 1141.0)	(110, 960.0)	(115, 1381.0)	(120, 1168.0)	(125, 1572.0)	(130, 1497.0)	(135, 2481.0)	(140, 2092.0)	(145, 63802.0)	(150, 758264.0)
PID-2861-23_R2	(10, 1.0)	(15, 1.0)	(20, 3.0)	(25, 4.0)	(30, 38.0)	(35, 65.0)	(40, 183.0)	(45, 138.0)	(50, 274.0)	(55, 245.0)	(60, 369.0)	(65, 317.0)	(70, 450.0)	(75, 433.0)	(80, 596.0)	(85, 625.0)	(90, 681.0)	(95, 874.0)	(100, 914.0)	(105, 1141.0)	(110, 960.0)	(115, 1381.0)	(120, 1168.0)	(125, 1572.0)	(130, 1497.0)	(135, 2479.0)	(140, 2095.0)	(145, 63486.0)	(150, 758579.0)
PID-2861-24_R1	(10, 1.0)	(15, 1.0)	(20, 3.0)	(25, 4.0)	(30, 32.0)	(35, 69.0)	(40, 174.0)	(45, 161.0)	(50, 286.0)	(55, 245.0)	(60, 415.0)	(65, 402.0)	(70, 548.0)	(75, 526.0)	(80, 724.0)	(85, 816.0)	(90, 774.0)	(95, 1021.0)	(100, 964.0)	(105, 1152.0)	(110, 1138.0)	(115, 1560.0)	(120, 1368.0)	(125, 1937.0)	(130, 1725.0)	(135, 2834.0)	(140, 2345.0)	(145, 73719.0)	(150, 874247.0)
PID-2861-24_R2	(10, 1.0)	(15, 1.0)	(20, 3.0)	(25, 4.0)	(30, 32.0)	(35, 69.0)	(40, 174.0)	(45, 161.0)	(50, 286.0)	(55, 245.0)	(60, 415.0)	(65, 402.0)	(70, 548.0)	(75, 526.0)	(80, 724.0)	(85, 816.0)	(90, 774.0)	(95, 1021.0)	(100, 964.0)	(105, 1152.0)	(110, 1138.0)	(115, 1560.0)	(120, 1368.0)	(125, 1937.0)	(130, 1725.0)	(135, 2834.0)	(140, 2353.0)	(145, 73346.0)	(150, 874612.0)
PID-2861-25_R1	(10, 2.0)	(15, 2.0)	(20, 4.0)	(25, 8.0)	(30, 34.0)	(35, 64.0)	(40, 214.0)	(45, 200.0)	(50, 348.0)	(55, 327.0)	(60, 471.0)	(65, 504.0)	(70, 663.0)	(75, 593.0)	(80, 878.0)	(85, 822.0)	(90, 904.0)	(95, 1119.0)	(100, 1066.0)	(105, 1437.0)	(110, 1264.0)	(115, 1644.0)	(120, 1450.0)	(125, 2018.0)	(130, 1823.0)	(135, 3077.0)	(140, 2383.0)	(145, 76412.0)	(150, 886788.0)
PID-2861-25_R2	(10, 2.0)	(15, 2.0)	(20, 4.0)	(25, 8.0)	(30, 34.0)	(35, 64.0)	(40, 214.0)	(45, 200.0)	(50, 348.0)	(55, 327.0)	(60, 471.0)	(65, 504.0)	(70, 663.0)	(75, 593.0)	(80, 878.0)	(85, 822.0)	(90, 904.0)	(95, 1119.0)	(100, 1066.0)	(105, 1437.0)	(110, 1264.0)	(115, 1644.0)	(120, 1450.0)	(125, 2018.0)	(130, 1823.0)	(135, 3077.0)	(140, 2377.0)	(145, 76528.0)	(150, 886678.0)
PID-2861-26_R1	(10, 2.0)	(15, 1.0)	(20, 2.0)	(25, 9.0)	(30, 40.0)	(35, 107.0)	(40, 270.0)	(45, 266.0)	(50, 426.0)	(55, 411.0)	(60, 602.0)	(65, 472.0)	(70, 710.0)	(75, 726.0)	(80, 814.0)	(85, 942.0)	(90, 1175.0)	(95, 1409.0)	(100, 1380.0)	(105, 1804.0)	(110, 1530.0)	(115, 2073.0)	(120, 1896.0)	(125, 2655.0)	(130, 2275.0)	(135, 3888.0)	(140, 3114.0)	(145, 91561.0)	(150, 1065273.0)
PID-2861-26_R2	(10, 2.0)	(15, 1.0)	(20, 2.0)	(25, 9.0)	(30, 40.0)	(35, 107.0)	(40, 270.0)	(45, 266.0)	(50, 426.0)	(55, 411.0)	(60, 602.0)	(65, 472.0)	(70, 710.0)	(75, 726.0)	(80, 814.0)	(85, 942.0)	(90, 1175.0)	(95, 1409.0)	(100, 1380.0)	(105, 1804.0)	(110, 1530.0)	(115, 2073.0)	(120, 1896.0)	(125, 2655.0)	(130, 2275.0)	(135, 3888.0)	(140, 3107.0)	(145, 91432.0)	(150, 1065409.0)
PID-2861-27_R1	(10, 1.0)	(15, 4.0)	(20, 2.0)	(25, 17.0)	(30, 52.0)	(35, 98.0)	(40, 251.0)	(45, 265.0)	(50, 420.0)	(55, 434.0)	(60, 608.0)	(65, 590.0)	(70, 749.0)	(75, 793.0)	(80, 972.0)	(85, 969.0)	(90, 1097.0)	(95, 1342.0)	(100, 1365.0)	(105, 1639.0)	(110, 1628.0)	(115, 2133.0)	(120, 1870.0)	(125, 2599.0)	(130, 2189.0)	(135, 3727.0)	(140, 2997.0)	(145, 93328.0)	(150, 1084937.0)
PID-2861-27_R2	(10, 1.0)	(15, 4.0)	(20, 2.0)	(25, 17.0)	(30, 52.0)	(35, 98.0)	(40, 251.0)	(45, 265.0)	(50, 420.0)	(55, 434.0)	(60, 608.0)	(65, 590.0)	(70, 749.0)	(75, 793.0)	(80, 972.0)	(85, 969.0)	(90, 1097.0)	(95, 1342.0)	(100, 1365.0)	(105, 1639.0)	(110, 1628.0)	(115, 2133.0)	(120, 1870.0)	(125, 2599.0)	(130, 2189.0)	(135, 3727.0)	(140, 3021.0)	(145, 92119.0)	(150, 1086122.0)
PID-2861-28_R1	(10, 1.0)	(15, 2.0)	(20, 4.0)	(25, 5.0)	(30, 33.0)	(35, 58.0)	(40, 173.0)	(45, 207.0)	(50, 295.0)	(55, 325.0)	(60, 444.0)	(65, 433.0)	(70, 639.0)	(75, 647.0)	(80, 719.0)	(85, 871.0)	(90, 900.0)	(95, 1079.0)	(100, 1001.0)	(105, 1351.0)	(110, 1270.0)	(115, 1736.0)	(120, 1449.0)	(125, 2116.0)	(130, 1780.0)	(135, 2920.0)	(140, 2451.0)	(145, 74598.0)	(150, 877901.0)
PID-2861-28_R2	(10, 1.0)	(15, 2.0)	(20, 4.0)	(25, 5.0)	(30, 33.0)	(35, 58.0)	(40, 173.0)	(45, 207.0)	(50, 295.0)	(55, 325.0)	(60, 444.0)	(65, 433.0)	(70, 639.0)	(75, 647.0)	(80, 719.0)	(85, 871.0)	(90, 900.0)	(95, 1079.0)	(100, 1001.0)	(105, 1351.0)	(110, 1270.0)	(115, 1736.0)	(120, 1449.0)	(125, 2116.0)	(130, 1780.0)	(135, 2920.0)	(140, 2452.0)	(145, 74570.0)	(150, 877928.0)
PID-2861-29_R1	(15, 1.0)	(20, 1.0)	(25, 6.0)	(30, 31.0)	(35, 84.0)	(40, 157.0)	(45, 180.0)	(50, 300.0)	(55, 296.0)	(60, 390.0)	(65, 435.0)	(70, 582.0)	(75, 537.0)	(80, 652.0)	(85, 798.0)	(90, 793.0)	(95, 1012.0)	(100, 899.0)	(105, 1203.0)	(110, 1144.0)	(115, 1540.0)	(120, 1383.0)	(125, 1889.0)	(130, 1595.0)	(135, 2671.0)	(140, 2224.0)	(145, 68237.0)	(150, 793722.0)	
PID-2861-29_R2	(15, 1.0)	(20, 1.0)	(25, 6.0)	(30, 31.0)	(35, 84.0)	(40, 157.0)	(45, 180.0)	(50, 300.0)	(55, 296.0)	(60, 390.0)	(65, 435.0)	(70, 582.0)	(75, 537.0)	(80, 652.0)	(85, 798.0)	(90, 793.0)	(95, 1012.0)	(100, 899.0)	(105, 1203.0)	(110, 1144.0)	(115, 1540.0)	(120, 1383.0)	(125, 1889.0)	(130, 1595.0)	(135, 2672.0)	(140, 2224.0)	(145, 68592.0)	(150, 793366.0)	
PID-2861-2_R1	(10, 3.0)	(15, 10.0)	(20, 10.0)	(25, 11.0)	(30, 39.0)	(35, 81.0)	(40, 208.0)	(45, 212.0)	(50, 357.0)	(55, 351.0)	(60, 518.0)	(65, 450.0)	(70, 621.0)	(75, 711.0)	(80, 840.0)	(85, 815.0)	(90, 880.0)	(95, 1033.0)	(100, 1113.0)	(105, 1343.0)	(110, 1217.0)	(115, 1744.0)	(120, 1544.0)	(125, 2019.0)	(130, 1809.0)	(135, 2981.0)	(140, 2423.0)	(145, 73767.0)	(150, 856718.0)
PID-2861-2_R2	(10, 3.0)	(15, 10.0)	(20, 10.0)	(25, 11.0)	(30, 39.0)	(35, 81.0)	(40, 208.0)	(45, 212.0)	(50, 357.0)	(55, 351.0)	(60, 518.0)	(65, 450.0)	(70, 621.0)	(75, 711.0)	(80, 840.0)	(85, 815.0)	(90, 880.0)	(95, 1033.0)	(100, 1113.0)	(105, 1343.0)	(110, 1217.0)	(115, 1744.0)	(120, 1544.0)	(125, 2019.0)	(130, 1809.0)	(135, 2981.0)	(140, 2449.0)	(145, 74032.0)	(150, 856427.0)
PID-2861-30_R1	(25, 4.0)	(30, 21.0)	(35, 41.0)	(40, 100.0)	(45, 137.0)	(50, 238.0)	(55, 181.0)	(60, 306.0)	(65, 328.0)	(70, 357.0)	(75, 370.0)	(80, 477.0)	(85, 554.0)	(90, 625.0)	(95, 687.0)	(100, 808.0)	(105, 989.0)	(110, 927.0)	(115, 1147.0)	(120, 1101.0)	(125, 1562.0)	(130, 1297.0)	(135, 2266.0)	(140, 1750.0)	(145, 60252.0)	(150, 701539.0)			
PID-2861-30_R2	(25, 4.0)	(30, 21.0)	(35, 41.0)	(40, 100.0)	(45, 137.0)	(50, 238.0)	(55, 181.0)	(60, 306.0)	(65, 328.0)	(70, 357.0)	(75, 370.0)	(80, 477.0)	(85, 554.0)	(90, 625.0)	(95, 687.0)	(100, 808.0)	(105, 989.0)	(110, 927.0)	(115, 1147.0)	(120, 1101.0)	(125, 1562.0)	(130, 1297.0)	(135, 2265.0)	(140, 1746.0)	(145, 59534.0)	(150, 702262.0)			
PID-2861-31_R1	(15, 1.0)	(20, 3.0)	(25, 2.0)	(30, 22.0)	(35, 44.0)	(40, 126.0)	(45, 101.0)	(50, 211.0)	(55, 170.0)	(60, 196.0)	(65, 160.0)	(70, 167.0)	(75, 300.0)	(80, 350.0)	(85, 353.0)	(90, 324.0)	(95, 431.0)	(100, 541.0)	(105, 664.0)	(110, 470.0)	(115, 608.0)	(120, 547.0)	(125, 730.0)	(130, 703.0)	(135, 1338.0)	(140, 1185.0)	(145, 41242.0)	(150, 477086.0)	
PID-2861-31_R2	(15, 1.0)	(20, 3.0)	(25, 2.0)	(30, 22.0)	(35, 44.0)	(40, 126.0)	(45, 101.0)	(50, 211.0)	(55, 170.0)	(60, 196.0)	(65, 160.0)	(70, 167.0)	(75, 300.0)	(80, 350.0)	(85, 353.0)	(90, 324.0)	(95, 431.0)	(100, 541.0)	(105, 664.0)	(110, 470.0)	(115, 608.0)	(120, 547.0)	(125, 730.0)	(130, 703.0)	(135, 1336.0)	(140, 1173.0)	(145, 40050.0)	(150, 478292.0)	
PID-2861-32_R1	(10, 2.0)	(15, 2.0)	(20, 0.0)	(25, 4.0)	(30, 15.0)	(35, 36.0)	(40, 84.0)	(45, 140.0)	(50, 224.0)	(55, 223.0)	(60, 324.0)	(65, 321.0)	(70, 439.0)	(75, 451.0)	(80, 570.0)	(85, 611.0)	(90, 663.0)	(95, 757.0)	(100, 786.0)	(105, 973.0)	(110, 918.0)	(115, 1230.0)	(120, 1087.0)	(125, 1466.0)	(130, 1390.0)	(135, 2320.0)	(140, 1827.0)	(145, 58578.0)	(150, 688958.0)
PID-2861-32_R2	(10, 2.0)	(15, 2.0)	(20, 0.0)	(25, 4.0)	(30, 15.0)	(35, 36.0)	(40, 84.0)	(45, 140.0)	(50, 224.0)	(55, 223.0)	(60, 324.0)	(65, 321.0)	(70, 439.0)	(75, 451.0)	(80, 570.0)	(85, 611.0)	(90, 663.0)	(95, 757.0)	(100, 786.0)	(105, 973.0)	(110, 918.0)	(115, 1230.0)	(120, 1087.0)	(125, 1466.0)	(130, 1390.0)	(135, 2319.0)	(140, 1839.0)	(145, 58812.0)	(150, 688713.0)
PID-2861-33_R1	(15, 1.0)	(20, 2.0)	(25, 15.0)	(30, 49.0)	(35, 107.0)	(40, 257.0)	(45, 258.0)	(50, 456.0)	(55, 422.0)	(60, 584.0)	(65, 626.0)	(70, 882.0)	(75, 940.0)	(80, 1012.0)	(85, 1117.0)	(90, 1230.0)	(95, 1424.0)	(100, 1437.0)	(105, 1788.0)	(110, 1687.0)	(115, 2284.0)	(120, 2030.0)	(125, 2739.0)	(130, 2288.0)	(135, 3857.0)	(140, 3195.0)	(145, 94514.0)	(150, 1106276.0)	
PID-2861-33_R2	(15, 1.0)	(20, 2.0)	(25, 15.0)	(30, 49.0)	(35, 107.0)	(40, 257.0)	(45, 258.0)	(50, 456.0)	(55, 422.0)	(60, 584.0)	(65, 626.0)	(70, 882.0)	(75, 940.0)	(80, 1012.0)	(85, 1117.0)	(90, 1230.0)	(95, 1424.0)	(100, 1437.0)	(105, 1788.0)	(110, 1687.0)	(115, 2284.0)	(120, 2030.0)	(125, 2739.0)	(130, 2288.0)	(135, 3857.0)	(140, 3195.0)	(145, 94470.0)	(150, 1106320.0)	
PID-2861-34_R1	(10, 1.0)	(15, 0.0)	(20, 1.0)	(25, 4.0)	(30, 41.0)	(35, 62.0)	(40, 185.0)	(45, 189.0)	(50, 341.0)	(55, 303.0)	(60, 423.0)	(65, 348.0)	(70, 474.0)	(75, 481.0)	(80, 556.0)	(85, 571.0)	(90, 780.0)	(95, 911.0)	(100, 1142.0)	(105, 1237.0)	(110, 1104.0)	(115, 1394.0)	(120, 1241.0)	(125, 1772.0)	(130, 1536.0)	(135, 2728.0)	(140, 2258.0)	(145, 68101.0)	(150, 790774.0)
PID-2861-34_R2	(10, 1.0)	(15, 0.0)	(20, 1.0)	(25, 4.0)	(30, 41.0)	(35, 62.0)	(40, 185.0)	(45, 189.0)	(50, 341.0)	(55, 303.0)	(60, 423.0)	(65, 348.0)	(70, 474.0)	(75, 481.0)	(80, 556.0)	(85, 571.0)	(90, 780.0)	(95, 911.0)	(100, 1142.0)	(105, 1237.0)	(110, 1104.0)	(115, 1394.0)	(120, 1241.0)	(125, 1772.0)	(130, 1536.0)	(135, 2728.0)	(140, 2261.0)	(145, 66622.0)	(150, 792250.0)
PID-2861-35_R1	(10, 1.0)	(15, 0.0)	(20, 0.0)	(25, 8.0)	(30, 11.0)	(35, 41.0)	(40, 130.0)	(45, 129.0)	(50, 217.0)	(55, 234.0)	(60, 255.0)	(65, 303.0)	(70, 449.0)	(75, 450.0)	(80, 560.0)	(85, 596.0)	(90, 677.0)	(95, 838.0)	(100, 847.0)	(105, 1066.0)	(110, 988.0)	(115, 1296.0)	(120, 1218.0)	(125, 1638.0)	(130, 1437.0)	(135, 2537.0)	(140, 1928.0)	(145, 66569.0)	(150, 778208.0)
PID-2861-35_R2	(10, 1.0)	(15, 0.0)	(20, 0.0)	(25, 8.0)	(30, 11.0)	(35, 41.0)	(40, 130.0)	(45, 129.0)	(50, 217.0)	(55, 234.0)	(60, 255.0)	(65, 303.0)	(70, 449.0)	(75, 450.0)	(80, 560.0)	(85, 596.0)	(90, 677.0)	(95, 838.0)	(100, 847.0)	(105, 1066.0)	(110, 988.0)	(115, 1296.0)	(120, 1218.0)	(125, 1638.0)	(130, 1437.0)	(135, 2537.0)	(140, 1939.0)	(145, 66504.0)	(150, 778262.0)
PID-2861-36_R1	(15, 4.0)	(20, 2.0)	(25, 4.0)	(30, 18.0)	(35, 65.0)	(40, 169.0)	(45, 185.0)	(50, 326.0)	(55, 283.0)	(60, 428.0)	(65, 452.0)	(70, 567.0)	(75, 649.0)	(80, 704.0)	(85, 811.0)	(90, 862.0)	(95, 1110.0)	(100, 1145.0)	(105, 1565.0)	(110, 1385.0)	(115, 1852.0)	(120, 1564.0)	(125, 2248.0)	(130, 1867.0)	(135, 3365.0)	(140, 2585.0)	(145, 84400.0)	(150, 959843.0)	
PID-2861-36_R2	(15, 4.0)	(20, 2.0)	(25, 4.0)	(30, 18.0)	(35, 65.0)	(40, 169.0)	(45, 185.0)	(50, 326.0)	(55, 283.0)	(60, 428.0)	(65, 452.0)	(70, 567.0)	(75, 649.0)	(80, 704.0)	(85, 811.0)	(90, 862.0)	(95, 1110.0)	(100, 1145.0)	(105, 1565.0)	(110, 1385.0)	(115, 1852.0)	(120, 1564.0)	(125, 2248.0)	(130, 1867.0)	(135, 3365.0)	(140, 2615.0)	(145, 84328.0)	(150, 959885.0)	
PID-2861-37_R1	(35, 4.0)	(40, 23.0)	(45, 28.0)	(50, 41.0)	(55, 34.0)	(60, 83.0)	(65, 77.0)	(70, 90.0)	(75, 124.0)	(80, 155.0)	(85, 152.0)	(90, 175.0)	(95, 202.0)	(100, 221.0)	(105, 284.0)	(110, 303.0)	(115, 404.0)	(120, 360.0)	(125, 494.0)	(130, 480.0)	(135, 920.0)	(140, 739.0)	(145, 34498.0)	(150, 405313.0)					
PID-2861-37_R2	(35, 4.0)	(40, 23.0)	(45, 28.0)	(50, 41.0)	(55, 34.0)	(60, 83.0)	(65, 77.0)	(70, 90.0)	(75, 124.0)	(80, 155.0)	(85, 152.0)	(90, 175.0)	(95, 202.0)	(100, 221.0)	(105, 284.0)	(110, 303.0)	(115, 404.0)	(120, 360.0)	(125, 494.0)	(130, 480.0)	(135, 920.0)	(140, 746.0)	(145, 33805.0)	(150, 405999.0)					
PID-2861-38_R1	(10, 1.0)	(15, 3.0)	(20, 5.0)	(25, 7.0)	(30, 28.0)	(35, 83.0)	(40, 195.0)	(45, 193.0)	(50, 342.0)	(55, 324.0)	(60, 525.0)	(65, 465.0)	(70, 606.0)	(75, 595.0)	(80, 819.0)	(85, 770.0)	(90, 956.0)	(95, 1127.0)	(100, 1128.0)	(105, 1421.0)	(110, 1369.0)	(115, 1785.0)	(120, 1547.0)	(125, 2170.0)	(130, 1859.0)	(135, 3272.0)	(140, 2590.0)	(145, 84812.0)	(150, 981959.0)
PID-2861-38_R2	(10, 1.0)	(15, 3.0)	(20, 5.0)	(25, 7.0)	(30, 28.0)	(35, 83.0)	(40, 195.0)	(45, 193.0)	(50, 342.0)	(55, 324.0)	(60, 525.0)	(65, 465.0)	(70, 606.0)	(75, 595.0)	(80, 819.0)	(85, 770.0)	(90, 956.0)	(95, 1127.0)	(100, 1128.0)	(105, 1421.0)	(110, 1369.0)	(115, 1785.0)	(120, 1547.0)	(125, 2170.0)	(130, 1859.0)	(135, 3271.0)	(140, 2572.0)	(145, 84837.0)	(150, 981953.0)
PID-2861-39_R1	(10, 2.0)	(15, 5.0)	(20, 1.0)	(25, 7.0)	(30, 23.0)	(35, 77.0)	(40, 192.0)	(45, 206.0)	(50, 345.0)	(55, 297.0)	(60, 450.0)	(65, 478.0)	(70, 604.0)	(75, 566.0)	(80, 726.0)	(85, 834.0)	(90, 908.0)	(95, 1047.0)	(100, 1014.0)	(105, 1385.0)	(110, 1259.0)	(115, 1625.0)	(120, 1553.0)	(125, 2024.0)	(130, 1790.0)	(135, 3018.0)	(140, 2376.0)	(145, 80158.0)	(150, 943913.0)
PID-2861-39_R2	(10, 2.0)	(15, 5.0)	(20, 1.0)	(25, 7.0)	(30, 23.0)	(35, 77.0)	(40, 192.0)	(45, 206.0)	(50, 345.0)	(55, 297.0)	(60, 450.0)	(65, 478.0)	(70, 604.0)	(75, 566.0)	(80, 726.0)	(85, 834.0)	(90, 908.0)	(95, 1047.0)	(100, 1014.0)	(105, 1385.0)	(110, 1259.0)	(115, 1625.0)	(120, 1553.0)	(125, 2024.0)	(130, 1790.0)	(135, 3017.0)	(140, 2382.0)	(145, 79676.0)	(150, 944390.0)
PID-2861-3_R1	(15, 2.0)	(20, 0.0)	(25, 9.0)	(30, 37.0)	(35, 84.0)	(40, 200.0)	(45, 228.0)	(50, 302.0)	(55, 343.0)	(60, 457.0)	(65, 439.0)	(70, 607.0)	(75, 620.0)	(80, 747.0)	(85, 858.0)	(90, 950.0)	(95, 1086.0)	(100, 1085.0)	(105, 1336.0)	(110, 1234.0)	(115, 1658.0)	(120, 1541.0)	(125, 1948.0)	(130, 1854.0)	(135, 2870.0)	(140, 2279.0)	(145, 68234.0)	(150, 790423.0)	
PID-2861-3_R2	(15, 2.0)	(20, 0.0)	(25, 9.0)	(30, 37.0)	(35, 84.0)	(40, 200.0)	(45, 228.0)	(50, 302.0)	(55, 343.0)	(60, 457.0)	(65, 439.0)	(70, 607.0)	(75, 620.0)	(80, 747.0)	(85, 858.0)	(90, 950.0)	(95, 1086.0)	(100, 1085.0)	(105, 1336.0)	(110, 1234.0)	(115, 1658.0)	(120, 1541.0)	(125, 1948.0)	(130, 1854.0)	(135, 2870.0)	(140, 2284.0)	(145, 68140.0)	(150, 790512.0)	
PID-2861-40_R1	(10, 2.0)	(15, 1.0)	(20, 3.0)	(25, 5.0)	(30, 28.0)	(35, 45.0)	(40, 158.0)	(45, 152.0)	(50, 271.0)	(55, 265.0)	(60, 351.0)	(65, 367.0)	(70, 473.0)	(75, 461.0)	(80, 620.0)	(85, 675.0)	(90, 785.0)	(95, 894.0)	(100, 969.0)	(105, 1177.0)	(110, 1171.0)	(115, 1512.0)	(120, 1325.0)	(125, 1800.0)	(130, 1535.0)	(135, 2630.0)	(140, 2209.0)	(145, 73388.0)	(150, 863411.0)
PID-2861-40_R2	(10, 2.0)	(15, 1.0)	(20, 3.0)	(25, 5.0)	(30, 28.0)	(35, 45.0)	(40, 158.0)	(45, 152.0)	(50, 271.0)	(55, 265.0)	(60, 351.0)	(65, 367.0)	(70, 473.0)	(75, 461.0)	(80, 620.0)	(85, 675.0)	(90, 785.0)	(95, 894.0)	(100, 969.0)	(105, 1177.0)	(110, 1171.0)	(115, 1512.0)	(120, 1325.0)	(125, 1800.0)	(130, 1535.0)	(135, 2630.0)	(140, 2214.0)	(145, 72999.0)	(150, 863795.0)
PID-2861-4_R1	(10, 1.0)	(15, 0.0)	(20, 0.0)	(25, 12.0)	(30, 31.0)	(35, 66.0)	(40, 208.0)	(45, 230.0)	(50, 340.0)	(55, 276.0)	(60, 427.0)	(65, 414.0)	(70, 507.0)	(75, 547.0)	(80, 652.0)	(85, 705.0)	(90, 804.0)	(95, 1047.0)	(100, 1083.0)	(105, 1333.0)	(110, 1128.0)	(115, 1578.0)	(120, 1325.0)	(125, 1951.0)	(130, 1529.0)	(135, 2977.0)	(140, 2230.0)	(145, 70400.0)	(150, 820438.0)
PID-2861-4_R2	(10, 1.0)	(15, 0.0)	(20, 0.0)	(25, 12.0)	(30, 31.0)	(35, 66.0)	(40, 208.0)	(45, 230.0)	(50, 340.0)	(55, 276.0)	(60, 427.0)	(65, 414.0)	(70, 507.0)	(75, 547.0)	(80, 652.0)	(85, 705.0)	(90, 804.0)	(95, 1047.0)	(100, 1083.0)	(105, 1333.0)	(110, 1128.0)	(115, 1578.0)	(120, 1325.0)	(125, 1951.0)	(130, 1529.0)	(135, 2977.0)	(140, 2245.0)	(145, 69989.0)	(150, 820834.0)
PID-2861-5_R1	(10, 1.0)	(15, 0.0)	(20, 3.0)	(25, 5.0)	(30, 36.0)	(35, 62.0)	(40, 160.0)	(45, 159.0)	(50, 293.0)	(55, 238.0)	(60, 348.0)	(65, 302.0)	(70, 396.0)	(75, 390.0)	(80, 498.0)	(85, 537.0)	(90, 650.0)	(95, 839.0)	(100, 884.0)	(105, 1128.0)	(110, 895.0)	(115, 1280.0)	(120, 1142.0)	(125, 1489.0)	(130, 1378.0)	(135, 2372.0)	(140, 1915.0)	(145, 66121.0)	(150, 773435.0)
PID-2861-5_R2	(10, 1.0)	(15, 0.0)	(20, 3.0)	(25, 5.0)	(30, 36.0)	(35, 62.0)	(40, 160.0)	(45, 159.0)	(50, 293.0)	(55, 238.0)	(60, 348.0)	(65, 302.0)	(70, 396.0)	(75, 390.0)	(80, 498.0)	(85, 537.0)	(90, 650.0)	(95, 839.0)	(100, 884.0)	(105, 1128.0)	(110, 895.0)	(115, 1280.0)	(120, 1142.0)	(125, 1489.0)	(130, 1378.0)	(135, 2372.0)	(140, 1904.0)	(145, 65595.0)	(150, 773972.0)
PID-2861-6_R1	(15, 2.0)	(20, 2.0)	(25, 4.0)	(30, 15.0)	(35, 47.0)	(40, 167.0)	(45, 148.0)	(50, 258.0)	(55, 256.0)	(60, 376.0)	(65, 373.0)	(70, 449.0)	(75, 489.0)	(80, 602.0)	(85, 651.0)	(90, 696.0)	(95, 828.0)	(100, 918.0)	(105, 1193.0)	(110, 1058.0)	(115, 1461.0)	(120, 1237.0)	(125, 1792.0)	(130, 1535.0)	(135, 2584.0)	(140, 2174.0)	(145, 70557.0)	(150, 819086.0)	
PID-2861-6_R2	(15, 2.0)	(20, 2.0)	(25, 4.0)	(30, 15.0)	(35, 47.0)	(40, 167.0)	(45, 148.0)	(50, 258.0)	(55, 256.0)	(60, 376.0)	(65, 373.0)	(70, 449.0)	(75, 489.0)	(80, 602.0)	(85, 651.0)	(90, 696.0)	(95, 828.0)	(100, 918.0)	(105, 1193.0)	(110, 1058.0)	(115, 1461.0)	(120, 1237.0)	(125, 1792.0)	(130, 1535.0)	(135, 2585.0)	(140, 2185.0)	(145, 70707.0)	(150, 818924.0)	
PID-2861-7_R1	(15, 2.0)	(20, 0.0)	(25, 5.0)	(30, 36.0)	(35, 80.0)	(40, 216.0)	(45, 223.0)	(50, 350.0)	(55, 306.0)	(60, 470.0)	(65, 451.0)	(70, 582.0)	(75, 623.0)	(80, 708.0)	(85, 748.0)	(90, 782.0)	(95, 1061.0)	(100, 984.0)	(105, 1328.0)	(110, 1246.0)	(115, 1675.0)	(120, 1482.0)	(125, 2022.0)	(130, 1771.0)	(135, 2965.0)	(140, 2398.0)	(145, 74745.0)	(150, 871069.0)	
PID-2861-7_R2	(15, 2.0)	(20, 0.0)	(25, 5.0)	(30, 36.0)	(35, 80.0)	(40, 216.0)	(45, 223.0)	(50, 350.0)	(55, 306.0)	(60, 470.0)	(65, 451.0)	(70, 582.0)	(75, 623.0)	(80, 708.0)	(85, 748.0)	(90, 782.0)	(95, 1061.0)	(100, 984.0)	(105, 1328.0)	(110, 1246.0)	(115, 1675.0)	(120, 1482.0)	(125, 2022.0)	(130, 1771.0)	(135, 2966.0)	(140, 2395.0)	(145, 74567.0)	(150, 871249.0)	
PID-2861-8_R1	(10, 1.0)	(15, 1.0)	(20, 1.0)	(25, 10.0)	(30, 32.0)	(35, 54.0)	(40, 169.0)	(45, 195.0)	(50, 367.0)	(55, 320.0)	(60, 436.0)	(65, 444.0)	(70, 553.0)	(75, 624.0)	(80, 708.0)	(85, 748.0)	(90, 836.0)	(95, 1025.0)	(100, 1012.0)	(105, 1333.0)	(110, 1226.0)	(115, 1564.0)	(120, 1434.0)	(125, 1951.0)	(130, 1745.0)	(135, 2907.0)	(140, 2402.0)	(145, 75665.0)	(150, 881532.0)
PID-2861-8_R2	(10, 1.0)	(15, 1.0)	(20, 1.0)	(25, 10.0)	(30, 32.0)	(35, 54.0)	(40, 169.0)	(45, 195.0)	(50, 367.0)	(55, 320.0)	(60, 436.0)	(65, 444.0)	(70, 553.0)	(75, 624.0)	(80, 708.0)	(85, 748.0)	(90, 836.0)	(95, 1025.0)	(100, 1012.0)	(105, 1333.0)	(110, 1226.0)	(115, 1564.0)	(120, 1434.0)	(125, 1951.0)	(130, 1745.0)	(135, 2908.0)	(140, 2402.0)	(145, 75210.0)	(150, 881986.0)
PID-2861-9_R1	(10, 1.0)	(15, 2.0)	(20, 5.0)	(25, 2.0)	(30, 38.0)	(35, 92.0)	(40, 247.0)	(45, 227.0)	(50, 400.0)	(55, 363.0)	(60, 550.0)	(65, 479.0)	(70, 698.0)	(75, 669.0)	(80, 837.0)	(85, 956.0)	(90, 1057.0)	(95, 1162.0)	(100, 1206.0)	(105, 1528.0)	(110, 1373.0)	(115, 1860.0)	(120, 1598.0)	(125, 2376.0)	(130, 1885.0)	(135, 3204.0)	(140, 2747.0)	(145, 80492.0)	(150, 938269.0)
PID-2861-9_R2	(10, 1.0)	(15, 2.0)	(20, 5.0)	(25, 2.0)	(30, 38.0)	(35, 92.0)	(40, 247.0)	(45, 227.0)	(50, 400.0)	(55, 363.0)	(60, 550.0)	(65, 479.0)	(70, 698.0)	(75, 669.0)	(80, 837.0)	(85, 956.0)	(90, 1057.0)	(95, 1162.0)	(100, 1206.0)	(105, 1528.0)	(110, 1373.0)	(115, 1860.0)	(120, 1598.0)	(125, 2376.0)	(130, 1885.0)	(135, 3204.0)	(140, 2739.0)	(145, 80479.0)	(150, 938290.0)
