Sample	0	1	2	3	4	5	6	7	8	9	10	11	12	13	14	15
PID-2861-10_R1	(1.0, 61.436399509566975)	(2.0, 22.857641737718794)	(3.0, 8.901080493973042)	(4.0, 3.6344644037926686)	(5.0, 1.5534532183086607)	(6.0, 0.7320012137488335)	(7.0, 0.40298043483756846)	(8.0, 0.18217909713022082)	(9.0, 0.10566126548823597)	('>10', 0.19413862543502466)	('>50', 0.0)	('>100', 0.0)	('>500', 0.0)	('>1k', 0.0)	('>5k', 0.0)	('>10k+', 0.0)
PID-2861-10_R2	(1.0, 63.35626459613732)	(2.0, 21.531818416947612)	(3.0, 8.455122367908679)	(4.0, 3.432887698674605)	(5.0, 1.4514774731856723)	(6.0, 0.6573262869757835)	(7.0, 0.2970239008289615)	(8.0, 0.18920168142763513)	(9.0, 0.09555921955631216)	('>10', 0.17557715072488275)	('>50', 0.0)	('>100', 0.0)	('>500', 0.0)	('>1k', 0.3577412076325481)	('>5k', 0.0)	('>10k+', 0.0)
PID-2861-11_R1	(1.0, 57.407042588280156)	(2.0, 23.041629752073884)	(3.0, 10.04230984802321)	(4.0, 4.329714777470401)	(5.0, 2.1362955110808515)	(6.0, 1.1140681561674879)	(7.0, 0.6491942531448307)	(8.0, 0.3747955799265377)	(9.0, 0.2607358961384405)	('>10', 0.6442136376941897)	('>50', 0.0)	('>100', 0.0)	('>500', 0.0)	('>1k', 0.0)	('>5k', 0.0)	('>10k+', 0.0)
PID-2861-11_R2	(1.0, 59.071429501293714)	(2.0, 22.217610001578702)	(3.0, 9.486186384881256)	(4.0, 4.168071818805309)	(5.0, 1.9824955362375183)	(6.0, 0.9993972880791395)	(7.0, 0.584389087002034)	(8.0, 0.3170397154522744)	(9.0, 0.20294764639378163)	('>10', 0.6197769571704679)	('>50', 0.0)	('>100', 0.0)	('>500', 0.0)	('>1k', 0.3506560631057844)	('>5k', 0.0)	('>10k+', 0.0)
PID-2861-12_R1	(1.0, 61.202741360793375)	(2.0, 22.002350245409144)	(3.0, 8.895165378028825)	(4.0, 3.8241414490035015)	(5.0, 1.796109914325286)	(6.0, 0.838323641821475)	(7.0, 0.49292879729606454)	(8.0, 0.2857278536549672)	(9.0, 0.18289470547605552)	('>10', 0.47961665419135296)	('>50', 0.0)	('>100', 0.0)	('>500', 0.0)	('>1k', 0.0)	('>5k', 0.0)	('>10k+', 0.0)
PID-2861-12_R2	(1.0, 61.52812728829119)	(2.0, 21.69405266688086)	(3.0, 8.753058107553)	(4.0, 3.7169185394399804)	(5.0, 1.710507318023339)	(6.0, 0.8637613920786148)	(7.0, 0.48269835480281387)	(8.0, 0.2865027829875095)	(9.0, 0.20093513752055459)	('>10', 0.4969453050035501)	('>50', 0.0)	('>100', 0.0)	('>500', 0.0)	('>1k', 0.2664931074185791)	('>5k', 0.0)	('>10k+', 0.0)
PID-2861-13_R1	(1.0, 56.25569539897253)	(2.0, 22.980855980690684)	(3.0, 10.128995257178671)	(4.0, 4.800630474856408)	(5.0, 2.4005450579579963)	(6.0, 1.1989878398770855)	(7.0, 0.6938411354716777)	(8.0, 0.40717291514096926)	(9.0, 0.27356355618786143)	('>10', 0.852831222597019)	('>50', 0.006881161069145056)	('>100', 0.0)	('>500', 0.0)	('>1k', 0.0)	('>5k', 0.0)	('>10k+', 0.0)
PID-2861-13_R2	(1.0, 58.317774738390696)	(2.0, 21.895537597913417)	(3.0, 9.773530224166056)	(4.0, 4.4066354542263335)	(5.0, 2.1107032939035695)	(6.0, 1.1180492565617177)	(7.0, 0.5855289151317922)	(8.0, 0.39611388723983004)	(9.0, 0.2483599184860776)	('>10', 0.7641486945037688)	('>50', 0.0)	('>100', 0.0)	('>500', 0.0)	('>1k', 0.38361801947672)	('>5k', 0.0)	('>10k+', 0.0)
PID-2861-14_R1	(1.0, 55.77002229996102)	(2.0, 22.986178867295582)	(3.0, 10.022425776532133)	(4.0, 4.817844977724249)	(5.0, 2.393143708313871)	(6.0, 1.2825724736952302)	(7.0, 0.8086008983207685)	(8.0, 0.4714472903793873)	(9.0, 0.2575674132885783)	('>10', 1.17031771409031)	('>50', 0.019878580398883967)	('>100', 0.0)	('>500', 0.0)	('>1k', 0.0)	('>5k', 0.0)	('>10k+', 0.0)
PID-2861-14_R2	(1.0, 57.726891399722)	(2.0, 21.954332415174495)	(3.0, 9.52247765326749)	(4.0, 4.36375201189098)	(5.0, 2.1933355425942254)	(6.0, 1.1999501097059886)	(7.0, 0.7225219606909897)	(8.0, 0.4292367273423108)	(9.0, 0.29014207378085205)	('>10', 1.0670777204421658)	('>50', 0.0063399427984641874)	('>100', 0.012081777785752508)	('>500', 0.0)	('>1k', 0.5118606648043067)	('>5k', 0.0)	('>10k+', 0.0)
PID-2861-15_R1	(1.0, 58.97574692012144)	(2.0, 22.281002564259566)	(3.0, 8.810669845353399)	(4.0, 4.053140594662497)	(5.0, 1.9702446580593242)	(6.0, 1.0985313128910483)	(7.0, 0.679503008082559)	(8.0, 0.4151863291449746)	(9.0, 0.3545566035161922)	('>10', 1.3614181639090237)	('>50', 0.0)	('>100', 0.0)	('>500', 0.0)	('>1k', 0.0)	('>5k', 0.0)	('>10k+', 0.0)
PID-2861-15_R2	(1.0, 60.916404989960725)	(2.0, 21.24064064213595)	(3.0, 8.420937772112575)	(4.0, 3.674780323920407)	(5.0, 1.906655987947487)	(6.0, 1.01526994737626)	(7.0, 0.7098167155576782)	(8.0, 0.3745466200615166)	(9.0, 0.26967100918708775)	('>10', 1.1914101634732108)	('>50', 0.0)	('>100', 0.0)	('>500', 0.0)	('>1k', 0.2798658282670651)	('>5k', 0.0)	('>10k+', 0.0)
PID-2861-16_R1	(1.0, 61.889530175754835)	(2.0, 21.80098264407678)	(3.0, 8.932709869839103)	(4.0, 3.799814334635596)	(5.0, 1.6948434351824453)	(6.0, 0.8154851339528172)	(7.0, 0.4006860246790819)	(8.0, 0.26504774672017267)	(9.0, 0.1286682391028788)	('>10', 0.27223239605629374)	('>50', 0.0)	('>100', 0.0)	('>500', 0.0)	('>1k', 0.0)	('>5k', 0.0)	('>10k+', 0.0)
PID-2861-16_R2	(1.0, 61.415590260208376)	(2.0, 22.016905086966293)	(3.0, 8.954261598877876)	(4.0, 3.7379014190114814)	(5.0, 1.7113402578505021)	(6.0, 0.8212425500796341)	(7.0, 0.4436432093669238)	(8.0, 0.2390948625583894)	(9.0, 0.1354153747768057)	('>10', 0.29185748807444906)	('>50', 0.0)	('>100', 0.0)	('>500', 0.0)	('>1k', 0.23274789222929265)	('>5k', 0.0)	('>10k+', 0.0)
PID-2861-17_R1	(1.0, 61.41412068859692)	(2.0, 21.84683282694388)	(3.0, 8.67487828996547)	(4.0, 3.69622623772842)	(5.0, 1.7328995473082969)	(6.0, 0.8515756288339729)	(7.0, 0.4822262687873659)	(8.0, 0.2777547227927163)	(9.0, 0.1899637597021695)	('>10', 0.7779606911255667)	('>50', 0.05556133821523648)	('>100', 0.0)	('>500', 0.0)	('>1k', 0.0)	('>5k', 0.0)	('>10k+', 0.0)
PID-2861-17_R2	(1.0, 60.649802976841016)	(2.0, 21.956210675385922)	(3.0, 8.84616736873052)	(4.0, 3.7403444149055907)	(5.0, 1.7822000981821247)	(6.0, 0.8931552536356709)	(7.0, 0.47811162372840155)	(8.0, 0.2741243973870916)	(9.0, 0.19568273874329312)	('>10', 0.7432618437084825)	('>50', 0.03782235805408096)	('>100', 0.0)	('>500', 0.0)	('>1k', 0.4031162506978086)	('>5k', 0.0)	('>10k+', 0.0)
PID-2861-18_R1	(1.0, 57.11233124591656)	(2.0, 22.994786028873623)	(3.0, 9.929928945450223)	(4.0, 4.405710564680952)	(5.0, 2.148600911291329)	(6.0, 1.1669006908168187)	(7.0, 0.594557994191716)	(8.0, 0.3889828797105733)	(9.0, 0.2050959769371203)	('>10', 0.9985677165939129)	('>50', 0.054537045537175505)	('>100', 0.0)	('>500', 0.0)	('>1k', 0.0)	('>5k', 0.0)	('>10k+', 0.0)
PID-2861-18_R2	(1.0, 58.7809535215075)	(2.0, 21.93687318346678)	(3.0, 9.430321733390953)	(4.0, 4.2611553177053585)	(5.0, 1.9407106564593712)	(6.0, 1.0391011242617338)	(7.0, 0.5761168611803253)	(8.0, 0.3603124082066693)	(9.0, 0.2567227364774592)	('>10', 0.9654772622997881)	('>50', 0.041030986863993486)	('>100', 0.0)	('>500', 0.0)	('>1k', 0.41122420818007954)	('>5k', 0.0)	('>10k+', 0.0)
PID-2861-19_R1	(1.0, 50.20994578313475)	(2.0, 22.618743949033142)	(3.0, 11.037150851922375)	(4.0, 5.463104165192681)	(5.0, 2.8704120853234185)	(6.0, 1.702833327246929)	(7.0, 0.979064792394906)	(8.0, 0.6356703934641224)	(9.0, 0.5362368441990262)	('>10', 3.3750137639653004)	('>50', 0.5026281904862616)	('>100', 0.06919585363708115)	('>500', 0.0)	('>1k', 0.0)	('>5k', 0.0)	('>10k+', 0.0)
PID-2861-19_R2	(1.0, 52.10519893764819)	(2.0, 21.899294720149047)	(3.0, 10.253652738864572)	(4.0, 5.165180282311711)	(5.0, 2.6413838294327294)	(6.0, 1.559682937462839)	(7.0, 1.0020584516102937)	(8.0, 0.6325840323450689)	(9.0, 0.4630789843780159)	('>10', 3.27024677034118)	('>50', 0.4446141878142001)	('>100', 0.10787285636448751)	('>500', 0.0)	('>1k', 0.4551512712776703)	('>5k', 0.0)	('>10k+', 0.0)
PID-2861-1_R1	(1.0, 59.50389074524818)	(2.0, 22.51606843412059)	(3.0, 9.104599529820801)	(4.0, 3.8154255679514866)	(5.0, 1.7867223090124715)	(6.0, 0.8244500536491182)	(7.0, 0.4773049564089472)	(8.0, 0.30444171227273903)	(9.0, 0.16939866749265353)	('>10', 1.104211360902089)	('>50', 0.20111540559515673)	('>100', 0.19237125752580211)	('>500', 0.0)	('>1k', 0.0)	('>5k', 0.0)	('>10k+', 0.0)
PID-2861-1_R2	(1.0, 61.224280274831486)	(2.0, 21.633474915787)	(3.0, 8.534745016300526)	(4.0, 3.5702821147427275)	(5.0, 1.6481392444784515)	(6.0, 0.791833217069679)	(7.0, 0.45710428183903096)	(8.0, 0.21128150882670846)	(9.0, 0.15982696729324763)	('>10', 1.0847000544266676)	('>50', 0.18553011852742057)	('>100', 0.15263710419226162)	('>500', 0.0)	('>1k', 0.34616518168473803)	('>5k', 0.0)	('>10k+', 0.0)
PID-2861-20_R1	(1.0, 54.22850237887046)	(2.0, 22.624979929678414)	(3.0, 10.352843387714309)	(4.0, 5.024897575468692)	(5.0, 2.453356756078693)	(6.0, 1.358513441606566)	(7.0, 0.8301469622110486)	(8.0, 0.5337251129767275)	(9.0, 0.37654758736248184)	('>10', 2.0352716611691255)	('>50', 0.1812152068634943)	('>100', 0.0)	('>500', 0.0)	('>1k', 0.0)	('>5k', 0.0)	('>10k+', 0.0)
PID-2861-20_R2	(1.0, 55.83825310414468)	(2.0, 21.796739456295885)	(3.0, 9.74965623548786)	(4.0, 4.701988111752796)	(5.0, 2.4481910234132873)	(6.0, 1.2614628363231999)	(7.0, 0.76398561297289)	(8.0, 0.47773913172086)	(9.0, 0.35024214591781544)	('>10', 1.8784873874177412)	('>50', 0.1387526025192825)	('>100', 0.0)	('>500', 0.0)	('>1k', 0.0)	('>5k', 0.5945023520336512)	('>10k+', 0.0)
PID-2861-21_R1	(1.0, 56.72704784427211)	(2.0, 22.101997831044706)	(3.0, 9.548075356932493)	(4.0, 4.531610293205614)	(5.0, 2.2130434148111244)	(6.0, 1.2010673962011469)	(7.0, 0.7575157156105559)	(8.0, 0.5156945630042585)	(9.0, 0.36242092910039053)	('>10', 1.9746493233070956)	('>50', 0.06687733251046483)	('>100', 0.0)	('>500', 0.0)	('>1k', 0.0)	('>5k', 0.0)	('>10k+', 0.0)
PID-2861-21_R2	(1.0, 59.15474836717986)	(2.0, 21.032320186069207)	(3.0, 8.814116355978731)	(4.0, 3.9916606390138187)	(5.0, 2.0822058826803715)	(6.0, 1.1328841138355246)	(7.0, 0.6649385835282219)	(8.0, 0.4520952842930231)	(9.0, 0.30916928294347157)	('>10', 1.717177408177253)	('>50', 0.03707650354591402)	('>100', 0.0)	('>500', 0.0)	('>1k', 0.0)	('>5k', 0.611607392754604)	('>10k+', 0.0)
PID-2861-22_R1	(1.0, 57.499744963888155)	(2.0, 22.444031285648656)	(3.0, 9.822275110003446)	(4.0, 4.440182269399286)	(5.0, 2.048194246966237)	(6.0, 1.1613617240046887)	(7.0, 0.6720874426748816)	(8.0, 0.42718326520699557)	(9.0, 0.2591997084424916)	('>10', 1.190696341066283)	('>50', 0.03504364269889449)	('>100', 0.0)	('>500', 0.0)	('>1k', 0.0)	('>5k', 0.0)	('>10k+', 0.0)
PID-2861-22_R2	(1.0, 59.284070331274286)	(2.0, 21.690757988659833)	(3.0, 9.029833280306152)	(4.0, 4.033621507332217)	(5.0, 2.021014553222492)	(6.0, 1.099681503069926)	(7.0, 0.6004545515575865)	(8.0, 0.3299080914287417)	(9.0, 0.25088227650056016)	('>10', 1.0898664932488633)	('>50', 0.0369622833695213)	('>100', 0.0)	('>500', 0.0)	('>1k', 0.5329471400298147)	('>5k', 0.0)	('>10k+', 0.0)
PID-2861-23_R1	(1.0, 55.996882319639276)	(2.0, 23.021496130749586)	(3.0, 10.252899655759332)	(4.0, 4.573663257331847)	(5.0, 2.2627379540429087)	(6.0, 1.1796896341337066)	(7.0, 0.6457502320269407)	(8.0, 0.3782002960376137)	(9.0, 0.2688577680317641)	('>10', 1.2719055688784402)	('>50', 0.14791718336858986)	('>100', 0.0)	('>500', 0.0)	('>1k', 0.0)	('>5k', 0.0)	('>10k+', 0.0)
PID-2861-23_R2	(1.0, 58.01556004439977)	(2.0, 21.8664226148675)	(3.0, 9.392675967690794)	(4.0, 4.2015128521498335)	(5.0, 2.2314207648435724)	(6.0, 1.1408247003395533)	(7.0, 0.6614370681772821)	(8.0, 0.3780359708175663)	(9.0, 0.24052058073032997)	('>10', 1.146181848086749)	('>50', 0.13361731046823136)	('>100', 0.0)	('>500', 0.0)	('>1k', 0.5917902774288234)	('>5k', 0.0)	('>10k+', 0.0)
PID-2861-24_R1	(1.0, 55.59793346670278)	(2.0, 23.069464813289986)	(3.0, 10.191898243001447)	(4.0, 4.734805527233604)	(5.0, 2.330068573413037)	(6.0, 1.2431251579424172)	(7.0, 0.7131794604323282)	(8.0, 0.39861237088327317)	(9.0, 0.30926681129414146)	('>10', 1.2713125309335098)	('>50', 0.11667624680150891)	('>100', 0.023656798071959483)	('>500', 0.0)	('>1k', 0.0)	('>5k', 0.0)	('>10k+', 0.0)
PID-2861-24_R2	(1.0, 56.97939263630217)	(2.0, 22.224823811468784)	(3.0, 9.840724323463954)	(4.0, 4.446719121018514)	(5.0, 2.2656899431981157)	(6.0, 1.1668619091009893)	(7.0, 0.655781485132125)	(8.0, 0.39442750645409685)	(9.0, 0.2423527805055698)	('>10', 1.1356807302754461)	('>50', 0.10805755555017452)	('>100', 0.0)	('>500', 0.0)	('>1k', 0.5394881975300996)	('>5k', 0.0)	('>10k+', 0.0)
PID-2861-25_R1	(1.0, 55.17026107433419)	(2.0, 23.321051128060116)	(3.0, 10.549591051267058)	(4.0, 4.954870809387248)	(5.0, 2.4990816570638037)	(6.0, 1.3310815290795606)	(7.0, 0.7029750668638817)	(8.0, 0.46932474314431316)	(9.0, 0.262914056742719)	('>10', 0.7388488840571054)	('>50', 0.0)	('>100', 0.0)	('>500', 0.0)	('>1k', 0.0)	('>5k', 0.0)	('>10k+', 0.0)
PID-2861-25_R2	(1.0, 57.01661384201556)	(2.0, 22.327511731932464)	(3.0, 10.05116558485023)	(4.0, 4.664696802372176)	(5.0, 2.2593763807135634)	(6.0, 1.2021660903769151)	(7.0, 0.6689614772395117)	(8.0, 0.4284256253189519)	(9.0, 0.25469108357796777)	('>10', 0.6647140410912928)	('>50', 0.0)	('>100', 0.0)	('>500', 0.0)	('>1k', 0.4616773405113523)	('>5k', 0.0)	('>10k+', 0.0)
PID-2861-26_R1	(1.0, 53.04026157127717)	(2.0, 23.47258718211267)	(3.0, 10.77648604557196)	(4.0, 5.314269313104227)	(5.0, 2.857685626704556)	(6.0, 1.4539288113188673)	(7.0, 0.8687883894431185)	(8.0, 0.5563309748609355)	(9.0, 0.36453922138459216)	('>10', 1.2783110866004688)	('>50', 0.01681177762141982)	('>100', 0.0)	('>500', 0.0)	('>1k', 0.0)	('>5k', 0.0)	('>10k+', 0.0)
PID-2861-26_R2	(1.0, 54.63817590553038)	(2.0, 22.406788199982213)	(3.0, 10.408687521400495)	(4.0, 5.161892204063756)	(5.0, 2.607811226621971)	(6.0, 1.3864539695498108)	(7.0, 0.8431340887371559)	(8.0, 0.5013766426114962)	(9.0, 0.3784926659408683)	('>10', 1.2076550020773582)	('>50', 0.01260400191393959)	('>100', 0.0)	('>500', 0.0)	('>1k', 0.44692857157058385)	('>5k', 0.0)	('>10k+', 0.0)
PID-2861-27_R1	(1.0, 52.68560256749454)	(2.0, 23.253685579322546)	(3.0, 11.038894051851157)	(4.0, 5.628337015031871)	(5.0, 3.0279205727417544)	(6.0, 1.6098249314378397)	(7.0, 0.9430534234689693)	(8.0, 0.5354115435594791)	(9.0, 0.36688618069985585)	('>10', 0.910384134392003)	('>50', 0.0)	('>100', 0.0)	('>500', 0.0)	('>1k', 0.0)	('>5k', 0.0)	('>10k+', 0.0)
PID-2861-27_R2	(1.0, 53.215693454010136)	(2.0, 22.74415882517363)	(3.0, 10.99776784322704)	(4.0, 5.362410221181548)	(5.0, 2.906332286361513)	(6.0, 1.5274492144111371)	(7.0, 0.9578095184163505)	(8.0, 0.5839803343907115)	(9.0, 0.33955662137731535)	('>10', 0.9510798403091469)	('>50', 0.005714687937351389)	('>100', 0.0)	('>500', 0.0)	('>1k', 0.40804715320410645)	('>5k', 0.0)	('>10k+', 0.0)
PID-2861-28_R1	(1.0, 55.05573677171899)	(2.0, 23.812974672071324)	(3.0, 10.632286709351497)	(4.0, 4.7751509624290405)	(5.0, 2.4948205535624566)	(6.0, 1.2898756944442424)	(7.0, 0.653440434011345)	(8.0, 0.38566854102497083)	(9.0, 0.25303369340381476)	('>10', 0.6470119679823099)	('>50', 0.0)	('>100', 0.0)	('>500', 0.0)	('>1k', 0.0)	('>5k', 0.0)	('>10k+', 0.0)
PID-2861-28_R2	(1.0, 56.6395294389592)	(2.0, 22.732712893940622)	(3.0, 10.159309868365234)	(4.0, 4.704261903778216)	(5.0, 2.2996715742313025)	(6.0, 1.2168291611355853)	(7.0, 0.68479597811085)	(8.0, 0.39411411433077825)	(9.0, 0.22946352896593986)	('>10', 0.5801990882261329)	('>50', 0.0)	('>100', 0.0)	('>500', 0.0)	('>1k', 0.35911244995615355)	('>5k', 0.0)	('>10k+', 0.0)
PID-2861-29_R1	(1.0, 56.53915487904112)	(2.0, 23.12282962836349)	(3.0, 9.896870943380556)	(4.0, 4.540993718049521)	(5.0, 2.2562092214324236)	(6.0, 1.1804017098898745)	(7.0, 0.6550336780732566)	(8.0, 0.40807947616177564)	(9.0, 0.27875810735342127)	('>10', 1.100347711240735)	('>50', 0.021320927013858862)	('>100', 0.0)	('>500', 0.0)	('>1k', 0.0)	('>5k', 0.0)	('>10k+', 0.0)
PID-2861-29_R2	(1.0, 59.05942664803043)	(2.0, 21.681529103415816)	(3.0, 9.285054931942485)	(4.0, 4.160260158124785)	(5.0, 2.029094242785848)	(6.0, 1.087199037932373)	(7.0, 0.6058690013813819)	(8.0, 0.35219061201995655)	(9.0, 0.2667946837317735)	('>10', 1.0227185695151662)	('>50', 0.023900927711798147)	('>100', 0.0)	('>500', 0.0)	('>1k', 0.42596208340817227)	('>5k', 0.0)	('>10k+', 0.0)
PID-2861-2_R1	(1.0, 57.91181824699001)	(2.0, 22.37484395289929)	(3.0, 9.454404298933902)	(4.0, 4.1023494879996605)	(5.0, 2.0190440270182615)	(6.0, 1.0550911544393555)	(7.0, 0.5409351371845702)	(8.0, 0.36789899707938223)	(9.0, 0.2564439026854991)	('>10', 1.451296093302156)	('>50', 0.23105121833933542)	('>100', 0.23482348312854903)	('>500', 0.0)	('>1k', 0.0)	('>5k', 0.0)	('>10k+', 0.0)
PID-2861-2_R2	(1.0, 59.23730572988819)	(2.0, 21.41278134574356)	(3.0, 8.972805453936362)	(4.0, 4.069715736306001)	(5.0, 1.911712762616248)	(6.0, 1.0369222838002081)	(7.0, 0.549498321427411)	(8.0, 0.3075980956206401)	(9.0, 0.24012909382300412)	('>10', 1.3152955798999226)	('>50', 0.23576949245186232)	('>100', 0.2107423737094523)	('>500', 0.0)	('>1k', 0.49972373077718635)	('>5k', 0.0)	('>10k+', 0.0)
PID-2861-30_R1	(1.0, 59.059495541394135)	(2.0, 22.179788188689486)	(3.0, 9.02059723315538)	(4.0, 4.152443967898647)	(5.0, 1.9231667068148366)	(6.0, 1.0628052664625216)	(7.0, 0.6545066908615276)	(8.0, 0.39020892749249236)	(9.0, 0.22589482829562915)	('>10', 1.3073671811612504)	('>50', 0.0237254677741106)	('>100', 0.0)	('>500', 0.0)	('>1k', 0.0)	('>5k', 0.0)	('>10k+', 0.0)
PID-2861-30_R2	(1.0, 59.41394820885753)	(2.0, 21.664352261993653)	(3.0, 9.075545227471196)	(4.0, 4.077678302681657)	(5.0, 1.9374836521542946)	(6.0, 1.0650725022229004)	(7.0, 0.5954873257562039)	(8.0, 0.39887419460667994)	(9.0, 0.25024957093130157)	('>10', 1.166331996270569)	('>50', 0.046283022452715206)	('>100', 0.0)	('>500', 0.0)	('>1k', 0.3086937346012914)	('>5k', 0.0)	('>10k+', 0.0)
PID-2861-31_R1	(1.0, 67.59327229974815)	(2.0, 20.583263172714148)	(3.0, 7.054949342301822)	(4.0, 2.670838428046081)	(5.0, 1.1338600450469112)	(6.0, 0.4655658321841499)	(7.0, 0.22249511010747303)	(8.0, 0.10415038805769211)	(9.0, 0.05958595758873904)	('>10', 0.11201942420483273)	('>50', 0.0)	('>100', 0.0)	('>500', 0.0)	('>1k', 0.0)	('>5k', 0.0)	('>10k+', 0.0)
PID-2861-31_R2	(1.0, 69.19819003029404)	(2.0, 19.448179002512088)	(3.0, 6.5737964942280165)	(4.0, 2.497170084959215)	(5.0, 0.9230872971123122)	(6.0, 0.41980042031192116)	(7.0, 0.206167476018428)	(8.0, 0.10378074977855925)	(9.0, 0.04912688829458695)	('>10', 0.06553815169353995)	('>50', 0.0)	('>100', 0.0)	('>500', 0.0)	('>1k', 0.5151634047972806)	('>5k', 0.0)	('>10k+', 0.0)
PID-2861-32_R1	(1.0, 58.30678174952551)	(2.0, 23.14955020185287)	(3.0, 9.759559628379206)	(4.0, 4.439076198517906)	(5.0, 1.9885890220004445)	(6.0, 1.0000805138682436)	(7.0, 0.524660256271289)	(8.0, 0.2670154224112359)	(9.0, 0.20731015685722873)	('>10', 0.35737685031610816)	('>50', 0.0)	('>100', 0.0)	('>500', 0.0)	('>1k', 0.0)	('>5k', 0.0)	('>10k+', 0.0)
PID-2861-32_R2	(1.0, 60.09699625785311)	(2.0, 22.185492420947032)	(3.0, 9.199103154771517)	(4.0, 4.074327311021319)	(5.0, 1.9284331731099489)	(6.0, 0.8333218560737663)	(7.0, 0.5669188673640257)	(8.0, 0.2659079152461379)	(9.0, 0.20132275631729513)	('>10', 0.3080955474331826)	('>50', 0.0)	('>100', 0.0)	('>500', 0.0)	('>1k', 0.3400807398626221)	('>5k', 0.0)	('>10k+', 0.0)
PID-2861-33_R1	(1.0, 50.829997846296216)	(2.0, 23.655136989389675)	(3.0, 11.65082903107474)	(4.0, 5.89190767261154)	(5.0, 3.190892058307209)	(6.0, 1.6831426645163465)	(7.0, 1.0596277382823374)	(8.0, 0.6121556461465335)	(9.0, 0.4074828642253548)	('>10', 1.0188274891500548)	('>50', 0.0)	('>100', 0.0)	('>500', 0.0)	('>1k', 0.0)	('>5k', 0.0)	('>10k+', 0.0)
PID-2861-33_R2	(1.0, 52.84456538950496)	(2.0, 22.861043831070713)	(3.0, 10.961598934367267)	(4.0, 5.599257859974355)	(5.0, 2.9489073010437448)	(6.0, 1.5932994846566784)	(7.0, 0.9065953244124675)	(8.0, 0.573362817938487)	(9.0, 0.3634458219448329)	('>10', 0.9089968096694947)	('>50', 0.0)	('>100', 0.0)	('>500', 0.0)	('>1k', 0.4389264254169782)	('>5k', 0.0)	('>10k+', 0.0)
PID-2861-34_R1	(1.0, 57.281989257192464)	(2.0, 22.852501722119936)	(3.0, 9.890452369603896)	(4.0, 4.681416200103796)	(5.0, 2.244231546799272)	(6.0, 1.1725925171681675)	(7.0, 0.6639555882805739)	(8.0, 0.4136298534929594)	(9.0, 0.23829964373622636)	('>10', 0.5609313015026752)	('>50', 0.0)	('>100', 0.0)	('>500', 0.0)	('>1k', 0.0)	('>5k', 0.0)	('>10k+', 0.0)
PID-2861-34_R2	(1.0, 58.85883450280621)	(2.0, 22.14067396644824)	(3.0, 9.203554561076075)	(4.0, 4.439128172920979)	(5.0, 2.216967740076948)	(6.0, 1.1114444699663641)	(7.0, 0.5529520896994617)	(8.0, 0.36118978108314465)	(9.0, 0.23608500628142762)	('>10', 0.5555052423628655)	('>50', 0.0)	('>100', 0.0)	('>500', 0.0)	('>1k', 0.3236644672782638)	('>5k', 0.0)	('>10k+', 0.0)
PID-2861-35_R1	(1.0, 57.527828579352935)	(2.0, 22.75731040195887)	(3.0, 9.586270341606372)	(4.0, 4.3018197988858615)	(5.0, 2.107693847639163)	(6.0, 1.1166732176892507)	(7.0, 0.7430690702571793)	(8.0, 0.43165085663341013)	(9.0, 0.2871237211332602)	('>10', 1.1266044775332937)	('>50', 0.013955687310414269)	('>100', 0.0)	('>500', 0.0)	('>1k', 0.0)	('>5k', 0.0)	('>10k+', 0.0)
PID-2861-35_R2	(1.0, 59.35898617752312)	(2.0, 21.702680003041923)	(3.0, 9.194450967323158)	(4.0, 4.06711075421484)	(5.0, 1.9634082838163318)	(6.0, 1.0578798206723405)	(7.0, 0.5958730461280591)	(8.0, 0.3889458915206438)	(9.0, 0.27527098121051136)	('>10', 1.0330032993634932)	('>50', 0.0)	('>100', 0.0)	('>500', 0.0)	('>1k', 0.3623907751856182)	('>5k', 0.0)	('>10k+', 0.0)
PID-2861-36_R1	(1.0, 46.450193175644195)	(2.0, 19.85692250092383)	(3.0, 9.587615874727298)	(4.0, 5.1354397144022075)	(5.0, 3.0276976314076873)	(6.0, 2.2027048617567093)	(7.0, 1.5249004037500247)	(8.0, 1.193025875983763)	(9.0, 0.9619148879551502)	('>10', 8.712531597208969)	('>50', 1.1878863681580856)	('>100', 0.15916710808205775)	('>500', 0.0)	('>1k', 0.0)	('>5k', 0.0)	('>10k+', 0.0)
PID-2861-36_R2	(1.0, 48.237835541016686)	(2.0, 19.090866679871613)	(3.0, 9.246105494773577)	(4.0, 4.795720068710929)	(5.0, 2.933634940426214)	(6.0, 1.999233968155939)	(7.0, 1.4632317066494906)	(8.0, 1.1504019386430844)	(9.0, 0.935131781258414)	('>10', 8.439563169295173)	('>50', 1.1510933600753832)	('>100', 0.11017885023140651)	('>500', 0.0)	('>1k', 0.447002500892058)	('>5k', 0.0)	('>10k+', 0.0)
PID-2861-37_R1	(1.0, 76.0132907331659)	(2.0, 15.210773363152036)	(3.0, 4.538916190255648)	(4.0, 1.764342079157097)	(5.0, 0.7381769432640107)	(6.0, 0.4231961322724208)	(7.0, 0.27950336405265125)	(8.0, 0.20063971596058203)	(9.0, 0.14169282582649292)	('>10', 0.6894686528931572)	('>50', 0.0)	('>100', 0.0)	('>500', 0.0)	('>1k', 0.0)	('>5k', 0.0)	('>10k+', 0.0)
PID-2861-37_R2	(1.0, 68.55741303617937)	(2.0, 19.233436729109094)	(3.0, 6.09258091368473)	(4.0, 2.4040056580157056)	(5.0, 1.0684096456559629)	(6.0, 0.6274748208850205)	(7.0, 0.36006123240517324)	(8.0, 0.2539541699107961)	(9.0, 0.19544674809628937)	('>10', 0.9815524969679322)	('>50', 0.012101884336052079)	('>100', 0.0)	('>500', 0.21356266475386024)	('>1k', 0.0)	('>5k', 0.0)	('>10k+', 0.0)
PID-2861-38_R1	(1.0, 49.84212223051296)	(2.0, 22.42420947080273)	(3.0, 10.863487778976786)	(4.0, 5.581146713560684)	(5.0, 3.124384977559642)	(6.0, 1.8515472088686622)	(7.0, 1.1356720956135724)	(8.0, 0.8577234019354408)	(9.0, 0.5188367426892713)	('>10', 3.5356433030795684)	('>50', 0.24182072955708567)	('>100', 0.02340534684364084)	('>500', 0.0)	('>1k', 0.0)	('>5k', 0.0)	('>10k+', 0.0)
PID-2861-38_R2	(1.0, 51.75767382130435)	(2.0, 21.57280530706059)	(3.0, 10.442757376827474)	(4.0, 5.355928379610404)	(5.0, 2.893363221402069)	(6.0, 1.7242370033199828)	(7.0, 1.0803884568133553)	(8.0, 0.7200383626852971)	(9.0, 0.4980813379662933)	('>10', 3.372973216097909)	('>50', 0.22052660759721163)	('>100', 0.01339021905074148)	('>500', 0.0)	('>1k', 0.34783669026426145)	('>5k', 0.0)	('>10k+', 0.0)
PID-2861-39_R1	(1.0, 58.72220507723887)	(2.0, 22.66196374299144)	(3.0, 9.640063119645422)	(4.0, 4.282569805657609)	(5.0, 2.0377499964931003)	(6.0, 1.0396496863090796)	(7.0, 0.5548355450151279)	(8.0, 0.32335989090049044)	(9.0, 0.18241133829049397)	('>10', 0.5551917974583833)	('>50', 0.0)	('>100', 0.0)	('>500', 0.0)	('>1k', 0.0)	('>5k', 0.0)	('>10k+', 0.0)
PID-2861-39_R2	(1.0, 60.60966113297096)	(2.0, 21.625039324821323)	(3.0, 8.984854955029515)	(4.0, 3.9757379958946624)	(5.0, 1.847830622593261)	(6.0, 0.9575863286748612)	(7.0, 0.5193838902907257)	(8.0, 0.3051877358497126)	(9.0, 0.17861574815719694)	('>10', 0.4702175257029981)	('>50', 0.0)	('>100', 0.0)	('>500', 0.0)	('>1k', 0.5258847400147667)	('>5k', 0.0)	('>10k+', 0.0)
PID-2861-3_R1	(1.0, 62.574983348134396)	(2.0, 20.866146803135074)	(3.0, 8.093621346288787)	(4.0, 3.425985064461659)	(5.0, 1.6149353706712766)	(6.0, 0.7947619509702141)	(7.0, 0.46466712450237374)	(8.0, 0.26305267914734287)	(9.0, 0.11970472437991633)	('>10', 1.3268665370001942)	('>50', 0.25609993393391717)	('>100', 0.1991751173748353)	('>500', 0.0)	('>1k', 0.0)	('>5k', 0.0)	('>10k+', 0.0)
PID-2861-3_R2	(1.0, 59.82289670299823)	(2.0, 21.90225468087927)	(3.0, 8.692543806295424)	(4.0, 3.874191798062629)	(5.0, 1.6675083977938752)	(6.0, 0.9096744673109993)	(7.0, 0.4802631488489411)	(8.0, 0.30083631334078237)	(9.0, 0.18020980303132084)	('>10', 1.3406378717336895)	('>50', 0.2936214772480218)	('>100', 0.2438551251720859)	('>500', 0.0)	('>1k', 0.29150640728479454)	('>5k', 0.0)	('>10k+', 0.0)
PID-2861-40_R1	(1.0, 57.439625987198326)	(2.0, 23.087624190188127)	(3.0, 9.79076577644243)	(4.0, 4.384391699339774)	(5.0, 2.1115160551848495)	(6.0, 1.2120376364426737)	(7.0, 0.6462511574147816)	(8.0, 0.3711541192311078)	(9.0, 0.22561234739207603)	('>10', 0.7090784334761656)	('>50', 0.021942597689688193)	('>100', 0.0)	('>500', 0.0)	('>1k', 0.0)	('>5k', 0.0)	('>10k+', 0.0)
PID-2861-40_R2	(1.0, 59.1837817956941)	(2.0, 21.99385266813481)	(3.0, 9.23715528561821)	(4.0, 4.151987150849501)	(5.0, 2.0180580233002416)	(6.0, 1.0763738120656752)	(7.0, 0.563410125874819)	(8.0, 0.2861943786476084)	(9.0, 0.23221369368112407)	('>10', 0.7185496341082384)	('>50', 0.014643805266146575)	('>100', 0.0)	('>500', 0.0)	('>1k', 0.5237796267595307)	('>5k', 0.0)	('>10k+', 0.0)
PID-2861-4_R1	(1.0, 59.74813570566558)	(2.0, 22.388956189557423)	(3.0, 9.18007921584757)	(4.0, 3.687417054650281)	(5.0, 1.6877285829601785)	(6.0, 0.8193259493400371)	(7.0, 0.4280921555150861)	(8.0, 0.27975705984526045)	(9.0, 0.16324909350250205)	('>10', 1.251441558846062)	('>50', 0.22397232978984682)	('>100', 0.14184510448021126)	('>500', 0.0)	('>1k', 0.0)	('>5k', 0.0)	('>10k+', 0.0)
PID-2861-4_R2	(1.0, 61.42390148175871)	(2.0, 21.493810355262422)	(3.0, 8.469744634460854)	(4.0, 3.503805274360203)	(5.0, 1.5640160724828256)	(6.0, 0.7562265126927852)	(7.0, 0.4062271765839299)	(8.0, 0.2715920084825678)	(9.0, 0.1212464537953634)	('>10', 1.237357991373969)	('>50', 0.19454912992062076)	('>100', 0.13832732071707501)	('>500', 0.0)	('>1k', 0.41919558810866425)	('>5k', 0.0)	('>10k+', 0.0)
PID-2861-5_R1	(1.0, 61.57773586604461)	(2.0, 21.750055364070878)	(3.0, 8.182345801192353)	(4.0, 3.3457007450206473)	(5.0, 1.5620862338300192)	(6.0, 0.7859997118047339)	(7.0, 0.47804428936178434)	(8.0, 0.31901226913627295)	(9.0, 0.24614380869013683)	('>10', 1.5068524293566894)	('>50', 0.15944288753181568)	('>100', 0.0865805939600525)	('>500', 0.0)	('>1k', 0.0)	('>5k', 0.0)	('>10k+', 0.0)
PID-2861-5_R2	(1.0, 62.96702079669132)	(2.0, 20.74584987398563)	(3.0, 7.772393173772901)	(4.0, 3.1400514439820566)	(5.0, 1.5016111508899783)	(6.0, 0.7649965503129335)	(7.0, 0.46518970890464467)	(8.0, 0.2984811847332391)	(9.0, 0.20726125101928794)	('>10', 1.4420837354778495)	('>50', 0.183933769462764)	('>100', 0.05277315988784691)	('>500', 0.0)	('>1k', 0.4583542008795679)	('>5k', 0.0)	('>10k+', 0.0)
PID-2861-6_R1	(1.0, 58.60539511244155)	(2.0, 20.93955560998846)	(3.0, 8.28733655221743)	(4.0, 3.6963013474028092)	(5.0, 1.9125754840127764)	(6.0, 1.214511167654442)	(7.0, 0.6973032917885519)	(8.0, 0.5782333463086764)	(9.0, 0.4524365400581541)	('>10', 3.1914414371051003)	('>50', 0.2820903818853195)	('>100', 0.14281972913673227)	('>500', 0.0)	('>1k', 0.0)	('>5k', 0.0)	('>10k+', 0.0)
PID-2861-6_R2	(1.0, 60.12060465656748)	(2.0, 20.173189311237607)	(3.0, 7.902610532905473)	(4.0, 3.4687375093103467)	(5.0, 1.7296482129652582)	(6.0, 1.0251579939429885)	(7.0, 0.7593323593588803)	(8.0, 0.4954353984928726)	(9.0, 0.4355026659071957)	('>10', 3.0890908601972757)	('>50', 0.27944620634957984)	('>100', 0.11002966664611878)	('>500', 0.0)	('>1k', 0.4112146261189384)	('>5k', 0.0)	('>10k+', 0.0)
PID-2861-7_R1	(1.0, 57.26321253808585)	(2.0, 22.497979738176976)	(3.0, 9.460522547225079)	(4.0, 4.176103275533333)	(5.0, 2.0175193913843703)	(6.0, 1.1354168568377472)	(7.0, 0.603879029225697)	(8.0, 0.39014368171572195)	(9.0, 0.25084627892727285)	('>10', 1.766062965823408)	('>50', 0.2614421788755391)	('>100', 0.17687151818896799)	('>500', 0.0)	('>1k', 0.0)	('>5k', 0.0)	('>10k+', 0.0)
PID-2861-7_R2	(1.0, 58.623906649990744)	(2.0, 21.691264213827775)	(3.0, 9.046881612123805)	(4.0, 4.049040341032988)	(5.0, 1.9199906216100404)	(6.0, 0.9733694609036346)	(7.0, 0.6141053252289236)	(8.0, 0.35903692264766157)	(9.0, 0.23647703720666913)	('>10', 1.6785514940671424)	('>50', 0.2536518738175761)	('>100', 0.13364576812982096)	('>500', 0.0)	('>1k', 0.4200786794132022)	('>5k', 0.0)	('>10k+', 0.0)
PID-2861-8_R1	(1.0, 58.06822926833769)	(2.0, 22.1781914403829)	(3.0, 9.24483416810669)	(4.0, 3.9528961145110975)	(5.0, 2.0407609500379733)	(6.0, 1.0635340258635873)	(7.0, 0.593249037125876)	(8.0, 0.3631182587596374)	(9.0, 0.27096447209483904)	('>10', 1.831244111172286)	('>50', 0.23199915092488266)	('>100', 0.16097900268257165)	('>500', 0.0)	('>1k', 0.0)	('>5k', 0.0)	('>10k+', 0.0)
PID-2861-8_R2	(1.0, 60.99755325376302)	(2.0, 20.47510555957018)	(3.0, 8.459284606236572)	(4.0, 3.592568596627673)	(5.0, 1.7488882343269345)	(6.0, 0.9385026338652198)	(7.0, 0.5215436960380374)	(8.0, 0.31371352541135183)	(9.0, 0.23560987527001245)	('>10', 1.7089282448327712)	('>50', 0.23831166085284522)	('>100', 0.14640421151737587)	('>500', 0.0)	('>1k', 0.0)	('>5k', 0.6235859016880448)	('>10k+', 0.0)
PID-2861-9_R1	(1.0, 55.27791524846464)	(2.0, 23.575769538347227)	(3.0, 10.800075304798185)	(4.0, 5.00000933199847)	(5.0, 2.3686503453589904)	(6.0, 1.2269432761697388)	(7.0, 0.6641032084634126)	(8.0, 0.396093087034949)	(9.0, 0.24331916212543592)	('>10', 0.4471214972389762)	('>50', 0.0)	('>100', 0.0)	('>500', 0.0)	('>1k', 0.0)	('>5k', 0.0)	('>10k+', 0.0)
PID-2861-9_R2	(1.0, 56.9556873402469)	(2.0, 22.88563910267026)	(3.0, 10.134864761529768)	(4.0, 4.6039715032514295)	(5.0, 2.255253634327358)	(6.0, 1.1335834933696574)	(7.0, 0.6755255158263491)	(8.0, 0.3629323030384572)	(9.0, 0.21185150968884517)	('>10', 0.43528686382610987)	('>50', 0.0)	('>100', 0.0)	('>500', 0.0)	('>1k', 0.34540397222488595)	('>5k', 0.0)	('>10k+', 0.0)
