Sample	0	1	2	3	4	5	6	7	8	9	10	11	12	13	14	15	16	17	18	19	20	21	22	23	24	25	26	27	28	29	30	31	32	33	34	35	36	37
PID-2861-10_R1	(1, 39.090603865892845)	(2, 38.64714165716612)	(3, 39.024428399074665)	(4, 38.774179663047235)	(5, 39.12427208585298)	(6, 39.14699469076178)	(7, 39.10010810332169)	(8, 39.24733031529521)	(9, 39.1394582043534)	(10, 39.22357956047821)	(15, 39.41941001727974)	(20, 39.496390411989374)	(25, 39.489509483080305)	(30, 39.455239076554406)	(35, 39.4731464873988)	(40, 39.488499383990245)	(45, 39.513129756694575)	(50, 39.52915972359227)	(55, 39.50923803130013)	(60, 39.495510249845374)	(65, 39.50847543148133)	(70, 39.483494914019566)	(75, 39.46907270091032)	(80, 39.41525800999099)	(85, 39.394071565428035)	(90, 39.41755862633134)	(95, 39.459320073545676)	(100, 39.44754797212286)	(105, 39.426713752978316)	(110, 39.36611914966528)	(115, 39.35695323022891)	(120, 39.29396227680055)	(125, 39.10826885274653)	(130, 39.049520880488316)	(135, 39.26886688560561)	(140, 39.30955326120183)	(145, 39.36632248273544)	(150, 39.17511575770086)
PID-2861-10_R2	(1, 38.62894487960438)	(2, 37.90006530473699)	(3, 38.415232360649405)	(4, 38.10548375314072)	(5, 38.45191123967084)	(6, 38.77103126141449)	(7, 38.6251766364002)	(8, 38.987577341838936)	(9, 38.69097331114694)	(10, 38.76133615213668)	(15, 38.88928498695395)	(20, 38.96445202708227)	(25, 39.01318722099788)	(30, 39.00764957525156)	(35, 38.98463190527106)	(40, 38.96398118421392)	(45, 38.99152362489381)	(50, 39.034456991923356)	(55, 38.99635459180227)	(60, 38.92053934023525)	(65, 38.91644747402628)	(70, 38.842055015990546)	(75, 38.77671352671648)	(80, 38.75881262265976)	(85, 38.78068721102351)	(90, 38.74863799622283)	(95, 38.766811631402305)	(100, 38.72055368069789)	(105, 38.677233078606925)	(110, 38.62248486873148)	(115, 38.527356880577926)	(120, 38.50913786294351)	(125, 38.53006887616154)	(130, 38.441482198732416)	(135, 38.340100269171884)	(140, 38.06888935167866)	(145, 38.25039039585753)	(150, 37.94362396970327)
PID-2861-11_R1	(1, 39.24826489770683)	(2, 38.58102335008391)	(3, 38.98666307172376)	(4, 38.72684167220629)	(5, 39.126810061501416)	(6, 39.13836191467899)	(7, 39.16627230762794)	(8, 39.2983864594616)	(9, 39.15874617068851)	(10, 39.22266005756735)	(15, 39.417646198984)	(20, 39.48805701879879)	(25, 39.480421195711465)	(30, 39.44458844173203)	(35, 39.4609684991506)	(40, 39.48153576835464)	(45, 39.50191071800761)	(50, 39.519289685425946)	(55, 39.49636117171313)	(60, 39.484570005344445)	(65, 39.49728924295364)	(70, 39.47387710026256)	(75, 39.45616415138627)	(80, 39.39845319059125)	(85, 39.377759403690455)	(90, 39.40745163639802)	(95, 39.44924432577831)	(100, 39.434977767886366)	(105, 39.41792253139005)	(110, 39.357570138486736)	(115, 39.34141341880979)	(120, 39.27806639053047)	(125, 39.08310868897895)	(130, 39.02512550527801)	(135, 39.240194800725476)	(140, 39.290945096184146)	(145, 39.355231951411234)	(150, 39.1586581585613)
PID-2861-11_R2	(1, 38.782657809471125)	(2, 38.14118363495214)	(3, 38.58716419436865)	(4, 38.32843522362249)	(5, 38.64400303090876)	(6, 38.84958882840501)	(7, 38.74997327035985)	(8, 39.06145957781114)	(9, 38.8191914167639)	(10, 38.860551884218395)	(15, 38.96581617564805)	(20, 39.02556648843757)	(25, 39.07345917320661)	(30, 39.06874800943821)	(35, 39.042067487434416)	(40, 39.033394078452055)	(45, 39.05109845872048)	(50, 39.09251002600908)	(55, 39.05747406617506)	(60, 38.98105023195091)	(65, 38.97519399393423)	(70, 38.905676546041136)	(75, 38.83780952313818)	(80, 38.82646233229271)	(85, 38.8523458310816)	(90, 38.82102992747521)	(95, 38.831769400861006)	(100, 38.79263265764806)	(105, 38.75185668118611)	(110, 38.696049640128926)	(115, 38.60760277954588)	(120, 38.580895339390814)	(125, 38.61146279921856)	(130, 38.51938146457782)	(135, 38.426415073195)	(140, 38.165354930881314)	(145, 38.33766983589935)	(150, 38.0309891561361)
PID-2861-12_R1	(1, 38.959195789608806)	(2, 38.12443973770632)	(3, 38.562209171721065)	(4, 38.19808414364109)	(5, 38.73229357209332)	(6, 38.61514392991239)	(7, 38.761084903137466)	(8, 38.94845052041548)	(9, 38.79491993196624)	(10, 38.90996330883691)	(15, 39.19448609278491)	(20, 39.29765665009941)	(25, 39.2982488530309)	(30, 39.270675824672864)	(35, 39.295596162359615)	(40, 39.308353093841696)	(45, 39.339605324423175)	(50, 39.36547811659526)	(55, 39.34094623272635)	(60, 39.32532723849747)	(65, 39.3429455818419)	(70, 39.316216286619124)	(75, 39.29498956434215)	(80, 39.235856274782336)	(85, 39.197774025036175)	(90, 39.23804746264277)	(95, 39.28979175571466)	(100, 39.26883261526402)	(105, 39.25365593100465)	(110, 39.17931649566391)	(115, 39.16654566351006)	(120, 39.07730559274362)	(125, 38.818620616058766)	(130, 38.73732417901546)	(135, 39.03139212865405)	(140, 39.09544398531074)	(145, 39.172415060316375)	(150, 38.95643148377002)
PID-2861-12_R2	(1, 38.74550987880149)	(2, 38.01776793641625)	(3, 38.56543435704887)	(4, 38.23023437416429)	(5, 38.66603553587283)	(6, 38.83148272948023)	(7, 38.8197105356054)	(8, 39.103986821133255)	(9, 38.85838601670892)	(10, 38.928974252003044)	(15, 39.04078613524642)	(20, 39.10184700098013)	(25, 39.15065242387618)	(30, 39.14346150486167)	(35, 39.11204355325494)	(40, 39.09929935127256)	(45, 39.11363511717717)	(50, 39.143442811794145)	(55, 39.1131605024472)	(60, 39.04135532960588)	(65, 39.04180381817389)	(70, 38.96979524572558)	(75, 38.90689130248906)	(80, 38.89084607099185)	(85, 38.91595113814212)	(90, 38.879352863471965)	(95, 38.894538208749694)	(100, 38.85369084008695)	(105, 38.81293635780152)	(110, 38.7593635378563)	(115, 38.668238565302474)	(120, 38.644448834902576)	(125, 38.66721298840877)	(130, 38.5830590654391)	(135, 38.48589773207128)	(140, 38.224619521691054)	(145, 38.3994361107919)	(150, 38.09532678190379)
PID-2861-13_R1	(1, 39.262153683599266)	(2, 38.648519552645766)	(3, 39.02145300619336)	(4, 38.793147787133435)	(5, 39.149385138985004)	(6, 39.215532090003514)	(7, 39.16197707342312)	(8, 39.30733008638399)	(9, 39.17587011620469)	(10, 39.23599878621437)	(15, 39.417783706019364)	(20, 39.49150403901656)	(25, 39.483889745085186)	(30, 39.44941157092371)	(35, 39.466682920688186)	(40, 39.48567496389297)	(45, 39.505549439381284)	(50, 39.52252529233397)	(55, 39.4997149926688)	(60, 39.4908281056032)	(65, 39.4991685114813)	(70, 39.47641879563432)	(75, 39.45971733304283)	(80, 39.409068475607526)	(85, 39.38409393962562)	(90, 39.412393997597675)	(95, 39.45401166373582)	(100, 39.44189274122805)	(105, 39.41931056914956)	(110, 39.363887739236496)	(115, 39.351858080394415)	(120, 39.28878462107177)	(125, 39.09736272751711)	(130, 39.04409581634242)	(135, 39.25764023296724)	(140, 39.3034446722473)	(145, 39.361881294211074)	(150, 39.1768500888037)
PID-2861-13_R2	(1, 38.56265950038313)	(2, 38.03988464670324)	(3, 38.508397169871046)	(4, 38.197126646305925)	(5, 38.57867011882438)	(6, 38.865595071506384)	(7, 38.73568507938726)	(8, 39.02605927902007)	(9, 38.795562259998995)	(10, 38.84432849929378)	(15, 38.93311560871568)	(20, 38.995472540905524)	(25, 39.041292505036736)	(30, 39.02735667500458)	(35, 39.00687059446687)	(40, 38.99031113681332)	(45, 39.01021922597775)	(50, 39.05075324850556)	(55, 39.01250669401669)	(60, 38.93921245467699)	(65, 38.93580101526639)	(70, 38.869373397728644)	(75, 38.802917332240455)	(80, 38.791137048573674)	(85, 38.81126537718492)	(90, 38.78345708678763)	(95, 38.79217042337064)	(100, 38.74968622713743)	(105, 38.7071601325785)	(110, 38.658109674224896)	(115, 38.5711863076711)	(120, 38.552711267311096)	(125, 38.57281406576184)	(130, 38.48529403596825)	(135, 38.389278252742834)	(140, 38.13386731652149)	(145, 38.310084733352525)	(150, 38.006365308333116)
PID-2861-14_R1	(1, 39.20047439059096)	(2, 38.590778600049994)	(3, 38.97768827647103)	(4, 38.7078396724281)	(5, 39.10215520926101)	(6, 39.09488352866958)	(7, 39.13498598145505)	(8, 39.21869254750128)	(9, 39.149992479437486)	(10, 39.17706806896166)	(15, 39.379496265580634)	(20, 39.44679994193351)	(25, 39.44379708575206)	(30, 39.40242937787597)	(35, 39.41894082988683)	(40, 39.43864275770423)	(45, 39.45923007708063)	(50, 39.47812238799223)	(55, 39.454067306102054)	(60, 39.44118056249805)	(65, 39.452820282571054)	(70, 39.42518011220059)	(75, 39.407961316976085)	(80, 39.35375015610684)	(85, 39.32016812826258)	(90, 39.35522975653842)	(95, 39.396883843163515)	(100, 39.3846187150988)	(105, 39.36861029538221)	(110, 39.30787045726693)	(115, 39.28919846944719)	(120, 39.21746763996717)	(125, 39.01256117320651)	(130, 38.95015114575775)	(135, 39.183530845674674)	(140, 39.23702664217592)	(145, 39.29884226987984)	(150, 39.106746411705885)
PID-2861-14_R2	(1, 38.4848890798186)	(2, 37.826230639962)	(3, 38.3239988183519)	(4, 38.13218227246511)	(5, 38.47664784181498)	(6, 38.78695382591034)	(7, 38.65001682658232)	(8, 38.96556448043734)	(9, 38.70249412151714)	(10, 38.73793499424706)	(15, 38.84266641855758)	(20, 38.8939565376079)	(25, 38.94172206585664)	(30, 38.934953546225174)	(35, 38.915223148672524)	(40, 38.895625075970656)	(45, 38.92498961996857)	(50, 38.97227183377275)	(55, 38.931993829295656)	(60, 38.85486760833998)	(65, 38.85537246084719)	(70, 38.77141739233999)	(75, 38.71011996051315)	(80, 38.69781116455605)	(85, 38.72093735447707)	(90, 38.68607825511091)	(95, 38.704300970385965)	(100, 38.65901070574771)	(105, 38.61743553207155)	(110, 38.56216008840214)	(115, 38.47013849293508)	(120, 38.45011579955147)	(125, 38.478160258182776)	(130, 38.38782981879315)	(135, 38.2857734559516)	(140, 38.01639518041183)	(145, 38.20180522192173)	(150, 37.88947657931767)
PID-2861-15_R1	(1, 39.2404044249595)	(2, 38.65612576117195)	(3, 39.01396927750381)	(4, 38.81010705483214)	(5, 39.12397064568003)	(6, 39.16226371695805)	(7, 39.1615102286044)	(8, 39.24737617509483)	(9, 39.1901983062375)	(10, 39.19700890465511)	(15, 39.39750788522955)	(20, 39.462485178002765)	(25, 39.45544041656257)	(30, 39.41580733307527)	(35, 39.425842357961294)	(40, 39.44531805857646)	(45, 39.46708009236545)	(50, 39.48387904035046)	(55, 39.46087639678319)	(60, 39.448140285828586)	(65, 39.45897217841397)	(70, 39.433554490613844)	(75, 39.4206530685081)	(80, 39.3624432629563)	(85, 39.33418418627714)	(90, 39.36479060437333)	(95, 39.407882363036904)	(100, 39.39380772324858)	(105, 39.371750793731465)	(110, 39.3097177103043)	(115, 39.29315885426186)	(120, 39.225851293086684)	(125, 39.02844217111129)	(130, 38.973489424377036)	(135, 39.192742625264884)	(140, 39.242948950576135)	(145, 39.30511746005235)	(150, 39.10195427169046)
PID-2861-15_R2	(1, 38.8335207139897)	(2, 38.223345845205735)	(3, 38.62264708390093)	(4, 38.308482097711575)	(5, 38.6047854441913)	(6, 38.89114274440287)	(7, 38.762454865056185)	(8, 39.05001774663359)	(9, 38.81917270944498)	(10, 38.854329877339)	(15, 38.95748605535242)	(20, 39.01008649304605)	(25, 39.05102256909331)	(30, 39.041964877696806)	(35, 39.015990130606795)	(40, 38.999182329312)	(45, 39.01888101741893)	(50, 39.05879461785139)	(55, 39.01869780852127)	(60, 38.94764021854138)	(65, 38.93894537106324)	(70, 38.86651713167675)	(75, 38.79924242165568)	(80, 38.78558621748186)	(85, 38.81039063869872)	(90, 38.777151621609974)	(95, 38.78971800481848)	(100, 38.749280959849806)	(105, 38.70420628007106)	(110, 38.64989709445622)	(115, 38.555665084462234)	(120, 38.53851009585996)	(125, 38.55946028161088)	(130, 38.46954945656114)	(135, 38.37321144748663)	(140, 38.116053711342126)	(145, 38.29663097071625)	(150, 37.98249259377103)
PID-2861-16_R1	(1, 38.76738446011913)	(2, 37.7678671332507)	(3, 38.30451189679571)	(4, 37.891815399466864)	(5, 38.48071501442534)	(6, 38.59694599545848)	(7, 38.576580480259764)	(8, 38.81248148838842)	(9, 38.68752399653353)	(10, 38.72020206452463)	(15, 39.052958249341664)	(20, 39.17236571466183)	(25, 39.18901111145107)	(30, 39.160448337886145)	(35, 39.19063911801508)	(40, 39.20144256144323)	(45, 39.240808541862705)	(50, 39.270084492237835)	(55, 39.25070492561234)	(60, 39.22901034606893)	(65, 39.24893560034531)	(70, 39.21419113000062)	(75, 39.194036214788845)	(80, 39.1309552258657)	(85, 39.088432677341345)	(90, 39.134393003898545)	(95, 39.19491715930181)	(100, 39.17529479750742)	(105, 39.15613583638644)	(110, 39.07640909404923)	(115, 39.06574245959947)	(120, 38.96226266920622)	(125, 38.66457410165167)	(130, 38.56004410185293)	(135, 38.897118669041106)	(140, 38.98346029456558)	(145, 39.06569977917442)	(150, 38.840159481541434)
PID-2861-16_R2	(1, 38.873951008677146)	(2, 38.29776544279775)	(3, 38.73006505117432)	(4, 38.38069746267511)	(5, 38.80054629822617)	(6, 38.86382035783631)	(7, 38.90423326276067)	(8, 39.12859399510745)	(9, 38.95766188747134)	(10, 38.990446362948255)	(15, 39.0739215752263)	(20, 39.12422099968735)	(25, 39.174395987148486)	(30, 39.17665651379487)	(35, 39.15429574794432)	(40, 39.14721611062628)	(45, 39.164151044637336)	(50, 39.19326459624365)	(55, 39.16159321715146)	(60, 39.09229814222335)	(65, 39.08997409726982)	(70, 39.02045155381904)	(75, 38.95547881088926)	(80, 38.94175646353742)	(85, 38.97103263315579)	(90, 38.929142575776076)	(95, 38.94600455140376)	(100, 38.91031374587781)	(105, 38.86683317663807)	(110, 38.81505699321303)	(115, 38.724758848373845)	(120, 38.6992994481444)	(125, 38.71984493532499)	(130, 38.63513090304894)	(135, 38.54209797848232)	(140, 38.28568422366152)	(145, 38.45523692798442)	(150, 38.16114712263107)
PID-2861-17_R1	(1, 38.6772852126295)	(2, 37.68897377121542)	(3, 38.27229162614968)	(4, 37.982098958321956)	(5, 38.48946849726961)	(6, 38.56483118347475)	(7, 38.557453996376964)	(8, 38.79281598332266)	(9, 38.587342967088915)	(10, 38.6892782129559)	(15, 39.04437126468178)	(20, 39.15807042673633)	(25, 39.168341277524505)	(30, 39.14313987088643)	(35, 39.17465473302259)	(40, 39.188065751048136)	(45, 39.230716928881215)	(50, 39.25377306091134)	(55, 39.23098210429011)	(60, 39.21454622046285)	(65, 39.23775877563439)	(70, 39.20655554076239)	(75, 39.181704621291416)	(80, 39.11730284867667)	(85, 39.07608152695183)	(90, 39.12328892110436)	(95, 39.18075202154368)	(100, 39.16384718950826)	(105, 39.14295171428146)	(110, 39.06093117934775)	(115, 39.05086792686046)	(120, 38.94860980085881)	(125, 38.64094267569767)	(130, 38.540508595104484)	(135, 38.88295783671117)	(140, 38.96723782660857)	(145, 39.05063102875566)	(150, 38.8296533954492)
PID-2861-17_R2	(1, 38.917563867516556)	(2, 38.34344564459702)	(3, 38.779058053829864)	(4, 38.5567416258219)	(5, 38.837380661543136)	(6, 39.02304715412333)	(7, 38.954427951147984)	(8, 39.20648038686529)	(9, 38.99788692537809)	(10, 39.04713226160628)	(15, 39.1443308385687)	(20, 39.20230582060183)	(25, 39.24481469239003)	(30, 39.23878244933622)	(35, 39.212095082186416)	(40, 39.19532321716202)	(45, 39.21416209910792)	(50, 39.24277737907334)	(55, 39.20957264061032)	(60, 39.14741050567002)	(65, 39.14040943428943)	(70, 39.07555270863217)	(75, 39.01317103645365)	(80, 38.99492286601203)	(85, 39.01511612899547)	(90, 38.97891525338106)	(95, 38.9913436110899)	(100, 38.95652518734894)	(105, 38.92259944367941)	(110, 38.865616239702334)	(115, 38.77936584281268)	(120, 38.75391675846278)	(125, 38.7715188259787)	(130, 38.68525238128815)	(135, 38.607249831771064)	(140, 38.358393865697565)	(145, 38.52420872338181)	(150, 38.23444429604624)
PID-2861-18_R1	(1, 39.2260752343831)	(2, 38.56420297546068)	(3, 38.973964210701816)	(4, 38.77660459148922)	(5, 39.123318754917925)	(6, 39.15391512800337)	(7, 39.11699940832373)	(8, 39.275283994445154)	(9, 39.13614450727192)	(10, 39.19244982106425)	(15, 39.37700184463368)	(20, 39.45121323897706)	(25, 39.44142617749896)	(30, 39.39934388313601)	(35, 39.4198858619657)	(40, 39.43814736749452)	(45, 39.45888415020544)	(50, 39.47424675129354)	(55, 39.450977929937245)	(60, 39.437536467818646)	(65, 39.45243078678038)	(70, 39.42390660221835)	(75, 39.40804102781401)	(80, 39.35224137565994)	(85, 39.32560020292349)	(90, 39.35814659188426)	(95, 39.401141268317346)	(100, 39.38772393864498)	(105, 39.3686108594508)	(110, 39.30725756399989)	(115, 39.291420694326625)	(120, 39.21835356247111)	(125, 39.019788476214785)	(130, 38.96367718117396)	(135, 39.18594645809843)	(140, 39.237328129557014)	(145, 39.30695580026641)	(150, 39.11247783097987)
PID-2861-18_R2	(1, 38.644085372176576)	(2, 37.95018533090156)	(3, 38.42819062955576)	(4, 38.10385850194074)	(5, 38.60162700809031)	(6, 38.776820116180005)	(7, 38.689992131315535)	(8, 39.000355819064985)	(9, 38.746333538691765)	(10, 38.80870913866205)	(15, 38.93456076699869)	(20, 39.005781189877396)	(25, 39.05803639806972)	(30, 39.047855127171474)	(35, 39.02289456427272)	(40, 39.006252122032485)	(45, 39.026388549171955)	(50, 39.06163252798735)	(55, 39.02090357502247)	(60, 38.94473747525525)	(65, 38.94655389947383)	(70, 38.86611500263718)	(75, 38.8051788590771)	(80, 38.796299392167995)	(85, 38.813326524062454)	(90, 38.77943564442685)	(95, 38.79455376744446)	(100, 38.745933420944276)	(105, 38.706774460062455)	(110, 38.65563936805176)	(115, 38.569998838583956)	(120, 38.54896901578263)	(125, 38.57457881433266)	(130, 38.485901120599635)	(135, 38.38732590442241)	(140, 38.12882075201541)	(145, 38.308604178816026)	(150, 38.01345111344154)
PID-2861-19_R1	(1, 39.22892534530609)	(2, 38.57775682307684)	(3, 39.01128339208984)	(4, 38.793244966406995)	(5, 39.12268501155485)	(6, 39.056624126242546)	(7, 39.08433433701588)	(8, 39.26519721826345)	(9, 39.129939386146326)	(10, 39.19012676403459)	(15, 39.386733635186516)	(20, 39.452163493098894)	(25, 39.44213886564487)	(30, 39.40716447730367)	(35, 39.421070648454)	(40, 39.43668370354713)	(45, 39.458467491522775)	(50, 39.473583878333145)	(55, 39.45053649157039)	(60, 39.438502867166285)	(65, 39.44966693488543)	(70, 39.42329790172808)	(75, 39.4040375702366)	(80, 39.35059122119825)	(85, 39.32355046427004)	(90, 39.35684110289428)	(95, 39.40110857641517)	(100, 39.384457331248605)	(105, 39.369011479471396)	(110, 39.30648079378529)	(115, 39.29233528376809)	(120, 39.221024285423425)	(125, 39.01825519183869)	(130, 38.96487565332298)	(135, 39.184908400326655)	(140, 39.243143548887375)	(145, 39.30457084633011)	(150, 39.11770722608195)
PID-2861-19_R2	(1, 38.62936610839057)	(2, 37.97098250163411)	(3, 38.49808728823548)	(4, 38.01403369658784)	(5, 38.542870817840544)	(6, 38.65052202208101)	(7, 38.671638645707205)	(8, 38.9658462186885)	(9, 38.73818529908669)	(10, 38.788675174751496)	(15, 38.90335817486717)	(20, 38.96789278497555)	(25, 39.017748728057384)	(30, 39.003605218626134)	(35, 38.98123461069211)	(40, 38.96315868063309)	(45, 38.984433525629925)	(50, 39.022486284404486)	(55, 38.9856414159878)	(60, 38.91113214312911)	(65, 38.91236094536934)	(70, 38.83856843271244)	(75, 38.7697998850683)	(80, 38.759620558045555)	(85, 38.78791014755034)	(90, 38.754102563131894)	(95, 38.770888476715584)	(100, 38.72648420444084)	(105, 38.68543102579837)	(110, 38.63176066834052)	(115, 38.53793500065912)	(120, 38.51978222262808)	(125, 38.54097277700564)	(130, 38.44866529934769)	(135, 38.35599632613017)	(140, 38.09328776157168)	(145, 38.272316329014814)	(150, 37.988028502201075)
PID-2861-1_R1	(1, 39.17419952619962)	(2, 38.489940339995265)	(3, 38.92488584890583)	(4, 38.66300897631201)	(5, 39.04150305178424)	(6, 39.09656262075132)	(7, 39.04613990260995)	(8, 39.17447466219975)	(9, 39.08436762215735)	(10, 39.1459548153026)	(15, 39.343779890754604)	(20, 39.42456541142896)	(25, 39.41506009181343)	(30, 39.37937373127788)	(35, 39.39294469361626)	(40, 39.414137431881684)	(45, 39.43383136572248)	(50, 39.45373570940778)	(55, 39.43065267788552)	(60, 39.4180999177825)	(65, 39.43156666514893)	(70, 39.40545988889462)	(75, 39.385086855371775)	(80, 39.33431892602674)	(85, 39.30136585227541)	(90, 39.334486570383476)	(95, 39.38187794848486)	(100, 39.365508037701126)	(105, 39.34906886361735)	(110, 39.287099908999394)	(115, 39.27138682120135)	(120, 39.200044656428084)	(125, 38.98916300893005)	(130, 38.92947158858648)	(135, 39.16228207995145)	(140, 39.21771029998048)	(145, 39.28580943524104)	(150, 39.091621345011816)
PID-2861-1_R2	(1, 38.63808893771204)	(2, 38.03720405178221)	(3, 38.469806858574024)	(4, 38.054828940261096)	(5, 38.5534077414369)	(6, 38.812998557559055)	(7, 38.670733014903874)	(8, 39.01214846824101)	(9, 38.71840032692631)	(10, 38.79266185949276)	(15, 38.92141371636658)	(20, 38.98782094390453)	(25, 39.03428047702072)	(30, 39.0240649089345)	(35, 38.99671027971188)	(40, 38.97385979963196)	(45, 39.00401643469799)	(50, 39.04148807414515)	(55, 39.00023708070522)	(60, 38.91797819644895)	(65, 38.9174282512661)	(70, 38.83938968427967)	(75, 38.77720228772566)	(80, 38.76370191326923)	(85, 38.785653244146474)	(90, 38.749699882352616)	(95, 38.76387100350085)	(100, 38.720948144142554)	(105, 38.67956251116483)	(110, 38.62643209001406)	(115, 38.53381745582865)	(120, 38.50909217923369)	(125, 38.53822506985519)	(130, 38.44308696517721)	(135, 38.35091434918573)	(140, 38.08054505115825)	(145, 38.27022378123977)	(150, 37.969041621349064)
PID-2861-20_R1	(1, 39.14303488336261)	(2, 38.49337077439832)	(3, 38.883027487596685)	(4, 38.618786786231546)	(5, 38.98377939046563)	(6, 39.02899756556038)	(7, 38.97234291701334)	(8, 39.16970201226464)	(9, 39.015169024067056)	(10, 39.08208051296127)	(15, 39.30745452269291)	(20, 39.38778254214431)	(25, 39.38421256698934)	(30, 39.346187455226676)	(35, 39.36524948544566)	(40, 39.382879555916986)	(45, 39.409332504565015)	(50, 39.4281613112809)	(55, 39.40152123661807)	(60, 39.388749154966916)	(65, 39.40141076214359)	(70, 39.374353763737545)	(75, 39.35653881930564)	(80, 39.30033445014158)	(85, 39.274433414387246)	(90, 39.30756791863526)	(95, 39.353393291145395)	(100, 39.33542200293905)	(105, 39.31531493527114)	(110, 39.24928400567377)	(115, 39.23728330256711)	(120, 39.165467783877055)	(125, 38.94055070444135)	(130, 38.87383122184631)	(135, 39.121913703924214)	(140, 39.17810634733009)	(145, 39.250600203621794)	(150, 39.047556012403135)
PID-2861-20_R2	(1, 38.489757634587534)	(2, 37.80128886629072)	(3, 38.31301808881082)	(4, 38.020619549474596)	(5, 38.3876305814921)	(6, 38.72006640781486)	(7, 38.56334935749283)	(8, 38.90741810730024)	(9, 38.649040091214445)	(10, 38.69757145989122)	(15, 38.809472761765356)	(20, 38.87726415436624)	(25, 38.92970907893678)	(30, 38.92319652529234)	(35, 38.89920999793573)	(40, 38.87726221404009)	(45, 38.911859362110484)	(50, 38.95532774807993)	(55, 38.90645864867981)	(60, 38.8268359852255)	(65, 38.82590076755123)	(70, 38.7479481269729)	(75, 38.67409576114136)	(80, 38.658888289969525)	(85, 38.69171996549905)	(90, 38.64947514727142)	(95, 38.66880140507775)	(100, 38.62031781222312)	(105, 38.577669690793094)	(110, 38.51758118710161)	(115, 38.420953587242636)	(120, 38.401052634453194)	(125, 38.425805953282385)	(130, 38.3314011503805)	(135, 38.22791724982819)	(140, 37.94144483241639)	(145, 38.136620809004874)	(150, 37.82968227067258)
PID-2861-21_R1	(1, 39.260576862312135)	(2, 38.572828959841196)	(3, 38.97643927481441)	(4, 38.70536454441706)	(5, 39.129572836394594)	(6, 39.18105105071615)	(7, 39.1203463106908)	(8, 39.22898288892111)	(9, 39.189039690416976)	(10, 39.20895887467613)	(15, 39.39608781352119)	(20, 39.474553960592026)	(25, 39.46802071653159)	(30, 39.431342102331314)	(35, 39.4465614924189)	(40, 39.46422613513123)	(45, 39.48391408087524)	(50, 39.49969460301982)	(55, 39.47900734985013)	(60, 39.46694775908626)	(65, 39.480328931703056)	(70, 39.45227879198394)	(75, 39.43932515687203)	(80, 39.384149858224866)	(85, 39.359582843446105)	(90, 39.390097345901644)	(95, 39.43192999767032)	(100, 39.41794625211153)	(105, 39.399867525745)	(110, 39.341295660847344)	(115, 39.32175760890719)	(120, 39.26014363337423)	(125, 39.06228094625051)	(130, 39.008470034010216)	(135, 39.22401610882414)	(140, 39.27546884781762)	(145, 39.33356840185381)	(150, 39.14440664070388)
PID-2861-21_R2	(1, 38.49094261487619)	(2, 37.734690918823674)	(3, 38.24354756567673)	(4, 37.97495975941146)	(5, 38.362035188675385)	(6, 38.6085678067857)	(7, 38.476236677855965)	(8, 38.861706200953876)	(9, 38.593215046448606)	(10, 38.59852122807213)	(15, 38.720998192210025)	(20, 38.803090631639016)	(25, 38.891284234021114)	(30, 38.884382854929264)	(35, 38.86357945230755)	(40, 38.84476226357378)	(45, 38.88094492871661)	(50, 38.935701098048625)	(55, 38.89749650263521)	(60, 38.80913688898495)	(65, 38.80878692623526)	(70, 38.72686169258274)	(75, 38.643844776198925)	(80, 38.63891507720909)	(85, 38.67744440520596)	(90, 38.64152542072319)	(95, 38.66473399227591)	(100, 38.61887725266606)	(105, 38.577770120942866)	(110, 38.51397319901834)	(115, 38.4179650318155)	(120, 38.408811589638766)	(125, 38.435876504096)	(130, 38.343929229559386)	(135, 38.23353802343781)	(140, 37.959487795420564)	(145, 38.14488436335203)	(150, 37.8344760402978)
PID-2861-22_R1	(1, 39.18429904238945)	(2, 38.53327490487987)	(3, 38.92122791170944)	(4, 38.67334022948073)	(5, 39.06392052935384)	(6, 39.02695558940696)	(7, 39.05127295527739)	(8, 39.236165225332115)	(9, 39.07884562069798)	(10, 39.14191893747659)	(15, 39.35638077465397)	(20, 39.42609404388081)	(25, 39.4209305018502)	(30, 39.38015980944899)	(35, 39.397707602383875)	(40, 39.41083103732289)	(45, 39.43705999517529)	(50, 39.45226888008706)	(55, 39.42911526622667)	(60, 39.41597853624713)	(65, 39.43007084456684)	(70, 39.397031683899755)	(75, 39.377936947712904)	(80, 39.325718651061415)	(85, 39.2931170363128)	(90, 39.33041533728177)	(95, 39.373288982584185)	(100, 39.36292532970937)	(105, 39.34105687249308)	(110, 39.27488320124253)	(115, 39.260583106669465)	(120, 39.19020623903081)	(125, 38.973292027739646)	(130, 38.9124114215691)	(135, 39.146469235151145)	(140, 39.20617896098891)	(145, 39.27352589376577)	(150, 39.06901467030259)
PID-2861-22_R2	(1, 38.61612009233286)	(2, 37.83746356916369)	(3, 38.32148964733261)	(4, 37.90625412998741)	(5, 38.41351644890143)	(6, 38.63628784558989)	(7, 38.57378927400659)	(8, 38.93051286866814)	(9, 38.64041758457966)	(10, 38.71068833289114)	(15, 38.836214114446236)	(20, 38.900016033357566)	(25, 38.95760464018174)	(30, 38.948673571385)	(35, 38.924517059777926)	(40, 38.91031117881793)	(45, 38.93118287774833)	(50, 38.97068146102724)	(55, 38.93002022681662)	(60, 38.849560825973185)	(65, 38.84651385056091)	(70, 38.7707148152742)	(75, 38.70317578104152)	(80, 38.68861547802052)	(85, 38.719432142300604)	(90, 38.68104999458477)	(95, 38.698442920508526)	(100, 38.650522356230304)	(105, 38.60876736999437)	(110, 38.54683814616501)	(115, 38.45028109784505)	(120, 38.43090814586374)	(125, 38.4588665283459)	(130, 38.361913182085914)	(135, 38.258952857853856)	(140, 37.97644837191333)	(145, 38.170737927656866)	(150, 37.86406437484074)
PID-2861-23_R1	(1, 39.24023369883972)	(2, 38.591592123906544)	(3, 39.01933095319956)	(4, 38.699390531889705)	(5, 39.123431865795666)	(6, 39.09592192907424)	(7, 39.12948490843702)	(8, 39.2579169586316)	(9, 39.15623821482829)	(10, 39.21138068839623)	(15, 39.41088013907058)	(20, 39.48025543874641)	(25, 39.47384605905047)	(30, 39.43556105814194)	(35, 39.451839201260135)	(40, 39.47048750827376)	(45, 39.4930480162415)	(50, 39.5112765923256)	(55, 39.48532445258886)	(60, 39.47651179250998)	(65, 39.48508137062001)	(70, 39.45709553204803)	(75, 39.44267677326386)	(80, 39.38888745228155)	(85, 39.362217949476474)	(90, 39.393850533357735)	(95, 39.438820653461995)	(100, 39.42564587288702)	(105, 39.410333583686786)	(110, 39.35093407361472)	(115, 39.334026039939786)	(120, 39.26913681503065)	(125, 39.07214931724427)	(130, 39.01827414985411)	(135, 39.235235921711876)	(140, 39.282656435818296)	(145, 39.34860378460239)	(150, 39.15643928849285)
PID-2861-23_R2	(1, 38.635719375803774)	(2, 37.97198802239911)	(3, 38.44386837963332)	(4, 38.19644074430535)	(5, 38.53404063200047)	(6, 38.49114587856559)	(7, 38.63749436393681)	(8, 38.95467950876133)	(9, 38.72248917102582)	(10, 38.762318070080674)	(15, 38.87898920852954)	(20, 38.9385475616507)	(25, 38.990572046174364)	(30, 38.98409628873124)	(35, 38.95988129902363)	(40, 38.94382459931733)	(45, 38.96590793932037)	(50, 39.01005388681182)	(55, 38.970931073148826)	(60, 38.89520605205766)	(65, 38.89336008142502)	(70, 38.819024694019134)	(75, 38.746750771605136)	(80, 38.73567097626803)	(85, 38.76336547281655)	(90, 38.73484213786654)	(95, 38.745976252665926)	(100, 38.70517981840378)	(105, 38.66567733518965)	(110, 38.607795639042386)	(115, 38.51007019767901)	(120, 38.49462381695831)	(125, 38.519652790685555)	(130, 38.43304499091079)	(135, 38.33590583364261)	(140, 38.05882551166917)	(145, 38.24953916649137)	(150, 37.95427756035349)
PID-2861-24_R1	(1, 39.12062328271723)	(2, 38.387735750744696)	(3, 38.822477715950725)	(4, 38.49903682555863)	(5, 38.92676262986346)	(6, 38.90733611847407)	(7, 38.97071681433278)	(8, 39.140157100096886)	(9, 38.97577670448859)	(10, 39.05282824635466)	(15, 39.28796528557467)	(20, 39.374288637858584)	(25, 39.36331563173751)	(30, 39.3304224369531)	(35, 39.35143723323285)	(40, 39.364580386156405)	(45, 39.390709745352126)	(50, 39.40940090009932)	(55, 39.385368926629596)	(60, 39.3736718631426)	(65, 39.38607298040651)	(70, 39.35706550183428)	(75, 39.34012044415039)	(80, 39.28209054295711)	(85, 39.252652966065526)	(90, 39.287459692826474)	(95, 39.33128127364638)	(100, 39.319331554503364)	(105, 39.29820378997577)	(110, 39.23166952349948)	(115, 39.21965144107296)	(120, 39.139459524714)	(125, 38.906313410958646)	(130, 38.8405856367991)	(135, 39.09184831850873)	(140, 39.15680058367908)	(145, 39.22936767112973)	(150, 39.02434213813095)
PID-2861-24_R2	(1, 38.651687851001505)	(2, 37.95992740337044)	(3, 38.412494544419005)	(4, 38.147617961784626)	(5, 38.50330842940143)	(6, 38.642847488265986)	(7, 38.661192685445904)	(8, 39.02202145913447)	(9, 38.7398892478366)	(10, 38.7959771044169)	(15, 38.883578040804295)	(20, 38.94468642348913)	(25, 39.000361549096304)	(30, 38.996331940600086)	(35, 38.977355621537896)	(40, 38.95494502638225)	(45, 38.98048153964253)	(50, 39.017259971651)	(55, 38.97766132564359)	(60, 38.90187857712866)	(65, 38.90137219968324)	(70, 38.82544434814619)	(75, 38.75983715715256)	(80, 38.746941361756946)	(85, 38.77323722344733)	(90, 38.74038817113666)	(95, 38.75478211061095)	(100, 38.7068318790264)	(105, 38.665489704238325)	(110, 38.60419019772547)	(115, 38.517699615955664)	(120, 38.486220135236366)	(125, 38.51442482620613)	(130, 38.42323437288131)	(135, 38.318229302296935)	(140, 38.04071740480817)	(145, 38.22750882816068)	(150, 37.93660210669765)
PID-2861-25_R1	(1, 39.206154164288776)	(2, 38.5782493798903)	(3, 39.005107859047826)	(4, 38.70561844221956)	(5, 39.097448706005665)	(6, 39.154639697765575)	(7, 39.098608339018305)	(8, 39.21230508484885)	(9, 39.085317160642624)	(10, 39.175721507636936)	(15, 39.37273873246049)	(20, 39.45733290262307)	(25, 39.451302351033505)	(30, 39.4103980287922)	(35, 39.4296823494406)	(40, 39.44578347251372)	(45, 39.46753613091572)	(50, 39.48552917649816)	(55, 39.46173704683736)	(60, 39.44948196629595)	(65, 39.4574619297788)	(70, 39.431554692960205)	(75, 39.41343747185784)	(80, 39.35930038833655)	(85, 39.33175439180914)	(90, 39.36476972306156)	(95, 39.408018627475556)	(100, 39.394798765170364)	(105, 39.37766997941863)	(110, 39.31827689898597)	(115, 39.30014510685163)	(120, 39.230639982805236)	(125, 39.031456237061356)	(130, 38.97517551582991)	(135, 39.19574284994186)	(140, 39.25039244713058)	(145, 39.313699629713184)	(150, 39.11411906959614)
PID-2861-25_R2	(1, 38.5364620448263)	(2, 37.869664953234555)	(3, 38.3010281606335)	(4, 38.033505690209715)	(5, 38.46840861655984)	(6, 38.61190711988314)	(7, 38.584473284346274)	(8, 38.950369937122346)	(9, 38.642986095554164)	(10, 38.711296090307904)	(15, 38.815069393942125)	(20, 38.88361101626686)	(25, 38.93095294603347)	(30, 38.92140671075247)	(35, 38.90104863419569)	(40, 38.88349421602286)	(45, 38.9107259409537)	(50, 38.954939191639525)	(55, 38.91145729592502)	(60, 38.83177045747352)	(65, 38.82888034900031)	(70, 38.75634674758303)	(75, 38.685376866339745)	(80, 38.674680603251026)	(85, 38.70178734250225)	(90, 38.67301936558819)	(95, 38.69012446473821)	(100, 38.64068988201126)	(105, 38.60037658224171)	(110, 38.53826293065306)	(115, 38.44389161101363)	(120, 38.42560012906407)	(125, 38.452946746791284)	(130, 38.36254529193796)	(135, 38.2650296749753)	(140, 37.98580354070888)	(145, 38.17518549692469)	(150, 37.8597326859462)
PID-2861-26_R1	(1, 39.248922909043685)	(2, 38.57670009183418)	(3, 39.001228672165475)	(4, 38.80432067584559)	(5, 39.12223390646069)	(6, 39.177401876992796)	(7, 39.10698724019318)	(8, 39.24135354640999)	(9, 39.132167851628346)	(10, 39.19889456569651)	(15, 39.38922060443609)	(20, 39.46186053581779)	(25, 39.453322376121015)	(30, 39.416896994776735)	(35, 39.430755497909864)	(40, 39.450131241003554)	(45, 39.47216343460277)	(50, 39.49074769296016)	(55, 39.465465466387045)	(60, 39.454086471681094)	(65, 39.46670860146993)	(70, 39.43697798360584)	(75, 39.421668130722544)	(80, 39.36894488282589)	(85, 39.34001222615285)	(90, 39.37233997389053)	(95, 39.41910340161822)	(100, 39.405812338406676)	(105, 39.38506989300912)	(110, 39.328631650490806)	(115, 39.314561554866565)	(120, 39.24053313893027)	(125, 39.04566200187835)	(130, 38.991347506382766)	(135, 39.21320418684198)	(140, 39.25970434603819)	(145, 39.32755535376558)	(150, 39.129051376198596)
PID-2861-26_R2	(1, 38.66149786690031)	(2, 38.004066339864046)	(3, 38.50902445791271)	(4, 38.112681971238786)	(5, 38.56682686347909)	(6, 38.820724334708174)	(7, 38.68883729833796)	(8, 39.02269543856513)	(9, 38.748734433938)	(10, 38.795378177072664)	(15, 38.92225803725052)	(20, 38.98366561277606)	(25, 39.02744454653413)	(30, 39.01917428054139)	(35, 38.99896179627537)	(40, 38.981897857408484)	(45, 39.00767821924374)	(50, 39.04675183768645)	(55, 39.00600881780268)	(60, 38.93077423567532)	(65, 38.925984635289055)	(70, 38.84965508630449)	(75, 38.788215705597)	(80, 38.770925911887204)	(85, 38.792436090440205)	(90, 38.76072879394779)	(95, 38.77160232095889)	(100, 38.72805415696996)	(105, 38.68962848362138)	(110, 38.634710655096704)	(115, 38.54229612464629)	(120, 38.52508041104471)	(125, 38.55156793432965)	(130, 38.45991145624215)	(135, 38.365396361403796)	(140, 38.101419064725754)	(145, 38.29006894592477)	(150, 37.98320750815283)
PID-2861-27_R1	(1, 39.09517876256342)	(2, 38.312812117878245)	(3, 38.75922974195494)	(4, 38.47584741971508)	(5, 38.88406363808078)	(6, 38.94023242944106)	(7, 38.86508223177331)	(8, 39.09254761092094)	(9, 38.99083073476732)	(10, 38.98957879598941)	(15, 39.24305335920671)	(20, 39.33768491708753)	(25, 39.33446660534183)	(30, 39.29832262052783)	(35, 39.32126490123077)	(40, 39.33523276944545)	(45, 39.36572208117486)	(50, 39.38871375119369)	(55, 39.36579909365069)	(60, 39.34863460106387)	(65, 39.36588749106137)	(70, 39.33413236158148)	(75, 39.320919047001)	(80, 39.26036667504807)	(85, 39.22507548562482)	(90, 39.26508327322136)	(95, 39.313319935649574)	(100, 39.29639596088484)	(105, 39.27725435410778)	(110, 39.20940043289137)	(115, 39.1951695621422)	(120, 39.112118177917445)	(125, 38.863964499678815)	(130, 38.79651514213454)	(135, 39.06735075100214)	(140, 39.13121052127242)	(145, 39.20429802868567)	(150, 38.98879324292167)
PID-2861-27_R2	(1, 38.80503961639532)	(2, 38.26360560561224)	(3, 38.741557283882706)	(4, 38.41962892145979)	(5, 38.75893481437789)	(6, 39.03009586803151)	(7, 38.89778274110329)	(8, 39.188508428632495)	(9, 38.92504531611928)	(10, 38.976261299804435)	(15, 39.04488547455307)	(20, 39.09550911257544)	(25, 39.13665171527095)	(30, 39.137128838572906)	(35, 39.1220601691557)	(40, 39.109297996674464)	(45, 39.13466132596116)	(50, 39.16652480983616)	(55, 39.13287063547901)	(60, 39.06372482174758)	(65, 39.05953946595307)	(70, 38.98942699644259)	(75, 38.93074992551847)	(80, 38.91224633210413)	(85, 38.93280438169229)	(90, 38.89999645125814)	(95, 38.91031429106164)	(100, 38.864493292541944)	(105, 38.82614793705362)	(110, 38.775398223031075)	(115, 38.69045434394943)	(120, 38.66176492249027)	(125, 38.685650380487395)	(130, 38.600376751745515)	(135, 38.506800581067154)	(140, 38.25682337535642)	(145, 38.42892374778242)	(150, 38.13451531082893)
PID-2861-28_R1	(1, 39.2710455522202)	(2, 38.5756442432295)	(3, 38.980537375129174)	(4, 38.769790692715254)	(5, 39.11873595459541)	(6, 39.17918655577974)	(7, 39.122943424700225)	(8, 39.28649344684481)	(9, 39.146105014517005)	(10, 39.20489395206929)	(15, 39.39310701850163)	(20, 39.460113378915345)	(25, 39.455919114707115)	(30, 39.417755215559836)	(35, 39.43844559303234)	(40, 39.4538108847896)	(45, 39.474235989626514)	(50, 39.49182814436823)	(55, 39.46594909392414)	(60, 39.454430317835225)	(65, 39.468753079123445)	(70, 39.43644220611245)	(75, 39.42169876043419)	(80, 39.369585138083316)	(85, 39.34117710081411)	(90, 39.372343554301956)	(95, 39.41356396214198)	(100, 39.40362215015479)	(105, 39.38369977025546)	(110, 39.323845789784045)	(115, 39.309936550089105)	(120, 39.23882091642716)	(125, 39.04384274204843)	(130, 38.98798606613586)	(135, 39.20371467484773)	(140, 39.25648490678194)	(145, 39.32102943193865)	(150, 39.12393481502312)
PID-2861-28_R2	(1, 38.6071387562948)	(2, 38.032470514902485)	(3, 38.50355953611207)	(4, 38.17142775125896)	(5, 38.59145301248298)	(6, 38.6779029903384)	(7, 38.7198751701852)	(8, 39.05668192182143)	(9, 38.78297902006135)	(10, 38.824622311894096)	(15, 38.90911171848364)	(20, 38.96051526873099)	(25, 39.0113734172101)	(30, 39.0012844330358)	(35, 38.98398195204042)	(40, 38.97165770294199)	(45, 38.994321696350816)	(50, 39.031188185590565)	(55, 38.995234101984366)	(60, 38.92251051566646)	(65, 38.92120851138065)	(70, 38.84894667743153)	(75, 38.785354978279365)	(80, 38.7682167161604)	(85, 38.796190557972515)	(90, 38.76395156224957)	(95, 38.78138779083151)	(100, 38.73620604325081)	(105, 38.69884467053135)	(110, 38.63838986140305)	(115, 38.55246654092154)	(120, 38.53779410179309)	(125, 38.560461381386354)	(130, 38.47033226229364)	(135, 38.37338651672922)	(140, 38.107930523310536)	(145, 38.295231849262436)	(150, 37.977791193465265)
PID-2861-29_R1	(1, 39.21495488025085)	(2, 38.59595678110295)	(3, 38.988166685924405)	(4, 38.77133814097118)	(5, 39.1114162141098)	(6, 39.061717654362106)	(7, 39.10371764983087)	(8, 39.26700968097857)	(9, 39.10278421590417)	(10, 39.18834204462811)	(15, 39.38585201006444)	(20, 39.456896713833075)	(25, 39.446565483898745)	(30, 39.40914013877796)	(35, 39.430885480907634)	(40, 39.44885198269759)	(45, 39.466379412109035)	(50, 39.48791795984359)	(55, 39.46320780280267)	(60, 39.45261546134801)	(65, 39.46471687587577)	(70, 39.43484047027627)	(75, 39.4170423849598)	(80, 39.36790804144594)	(85, 39.34008308208638)	(90, 39.36690234437365)	(95, 39.41066254679289)	(100, 39.399388180462026)	(105, 39.378768761985306)	(110, 39.31950249569256)	(115, 39.298622563358876)	(120, 39.233062781595834)	(125, 39.026801171696015)	(130, 38.9712175835156)	(135, 39.19631075845795)	(140, 39.25076371808008)	(145, 39.31505161767866)	(150, 39.11315212353078)
PID-2861-29_R2	(1, 38.5280789159479)	(2, 37.82431051631131)	(3, 38.32886780355294)	(4, 38.090425278840726)	(5, 38.36905530596016)	(6, 38.62305808360578)	(7, 38.561446913211036)	(8, 38.839478817620154)	(9, 38.6581162306488)	(10, 38.68473450375073)	(15, 38.80374074053509)	(20, 38.86097641377451)	(25, 38.915074170255835)	(30, 38.91922931822901)	(35, 38.89895918409586)	(40, 38.88887947096437)	(45, 38.91446774376419)	(50, 38.96064904564835)	(55, 38.91321506827909)	(60, 38.837268910860516)	(65, 38.83545582341346)	(70, 38.76155768708699)	(75, 38.685986509408544)	(80, 38.676566745572266)	(85, 38.7037345837564)	(90, 38.66781882219879)	(95, 38.6848730259045)	(100, 38.63925800372584)	(105, 38.59656570910154)	(110, 38.5327239484648)	(115, 38.4404891914915)	(120, 38.41991418085703)	(125, 38.44618708742143)	(130, 38.34775709521957)	(135, 38.24303269650992)	(140, 37.956420175038964)	(145, 38.14808264239992)	(150, 37.85166712260143)
PID-2861-2_R1	(1, 39.22451007938538)	(2, 38.596103280675344)	(3, 39.005908822135645)	(4, 38.76512327170098)	(5, 39.14158108170446)	(6, 39.18646129071489)	(7, 39.172152631292015)	(8, 39.25766909757315)	(9, 39.13992459856494)	(10, 39.21208976953538)	(15, 39.40300146651871)	(20, 39.47491801817285)	(25, 39.46771437013694)	(30, 39.42862994231986)	(35, 39.44403682163134)	(40, 39.46334275676124)	(45, 39.4857243082431)	(50, 39.50116566763967)	(55, 39.478457991988954)	(60, 39.46579092746141)	(65, 39.48028942576035)	(70, 39.45108739721811)	(75, 39.43205091043764)	(80, 39.38534914623833)	(85, 39.35531924977641)	(90, 39.388660833214296)	(95, 39.431638674476304)	(100, 39.41401790286038)	(105, 39.39822720294209)	(110, 39.33588760679318)	(115, 39.32063065109802)	(120, 39.25934775404276)	(125, 39.062068424825775)	(130, 39.00533174513766)	(135, 39.22295812335877)	(140, 39.27491574437351)	(145, 39.34019324393544)	(150, 39.146715319143496)
PID-2861-2_R2	(1, 38.717039130744745)	(2, 38.10003900074227)	(3, 38.547838813706456)	(4, 38.15336517695014)	(5, 38.604939255295506)	(6, 38.875315046318626)	(7, 38.70273885857828)	(8, 39.045177956612726)	(9, 38.773887954641715)	(10, 38.82364171743943)	(15, 38.94051093258834)	(20, 38.99880252266464)	(25, 39.04651122681499)	(30, 39.035723836866126)	(35, 39.0122713526334)	(40, 38.99796647975487)	(45, 39.02270554987808)	(50, 39.06134481070913)	(55, 39.02716156271047)	(60, 38.94593620145859)	(65, 38.94176517680849)	(70, 38.87106326126157)	(75, 38.802152475971596)	(80, 38.78832294504245)	(85, 38.812679796759355)	(90, 38.78158247595891)	(95, 38.79332503722101)	(100, 38.747914140728305)	(105, 38.71017551410149)	(110, 38.65508991780966)	(115, 38.57001227629824)	(120, 38.545184789371675)	(125, 38.57007197566274)	(130, 38.48337621630289)	(135, 38.38943971578458)	(140, 38.12882263768467)	(145, 38.30863422075496)	(150, 38.00885371810949)
PID-2861-30_R1	(1, 38.90100557280635)	(2, 37.98252585905529)	(3, 38.45994673959983)	(4, 38.227081576836866)	(5, 38.661698780563036)	(6, 38.75601492936314)	(7, 38.77785889078533)	(8, 38.84142178535442)	(9, 38.74020132019988)	(10, 38.8363887803574)	(15, 39.13056612309528)	(20, 39.23873306051944)	(25, 39.24966633184011)	(30, 39.21749004088925)	(35, 39.252179620047215)	(40, 39.260651852692355)	(45, 39.29470797081568)	(50, 39.320176586817745)	(55, 39.29568448546343)	(60, 39.27992579520539)	(65, 39.300908469021735)	(70, 39.265248523433556)	(75, 39.24903028521348)	(80, 39.18644230784668)	(85, 39.14809531579937)	(90, 39.19055587663243)	(95, 39.24311355005631)	(100, 39.227477775959734)	(105, 39.20871342845828)	(110, 39.13703053026299)	(115, 39.12375577969823)	(120, 39.029159299470244)	(125, 38.75212910714427)	(130, 38.664585793296546)	(135, 38.97219591849546)	(140, 39.046715385621475)	(145, 39.12674553965722)	(150, 38.90047543804177)
PID-2861-30_R2	(1, 38.66347241358037)	(2, 38.09664500606634)	(3, 38.57173702934463)	(4, 38.32489358201896)	(5, 38.70436879228444)	(6, 38.82348495753563)	(7, 38.84988381418495)	(8, 39.160197618704885)	(9, 38.91814041004339)	(10, 38.94986839128915)	(15, 39.04292705998479)	(20, 39.09544510477287)	(25, 39.146371816893286)	(30, 39.139993293317694)	(35, 39.118004981433884)	(40, 39.10318890420339)	(45, 39.1253545016387)	(50, 39.15446332084748)	(55, 39.12673898544764)	(60, 39.05510774564859)	(65, 39.053754846759304)	(70, 38.98577635286915)	(75, 38.92489370556812)	(80, 38.90989045778709)	(85, 38.929207348102125)	(90, 38.89754612508105)	(95, 38.909291334661)	(100, 38.86865040188574)	(105, 38.83553832176919)	(110, 38.777099876704746)	(115, 38.68768946621608)	(120, 38.66604991091392)	(125, 38.6791054798402)	(130, 38.598304961017604)	(135, 38.50351664773804)	(140, 38.24437246772866)	(145, 38.423143568568605)	(150, 38.11707873554498)
PID-2861-31_R1	(1, 39.23482081143777)	(2, 38.63534535814041)	(3, 39.0375003550632)	(4, 38.73936846091938)	(5, 39.15757420820906)	(6, 39.25041708090707)	(7, 39.19379633574776)	(8, 39.30050845050419)	(9, 39.15112815414477)	(10, 39.257175211854374)	(15, 39.45422694961569)	(20, 39.52695007716608)	(25, 39.52601336099423)	(30, 39.493473130912044)	(35, 39.50565673434024)	(40, 39.52359068995477)	(45, 39.546148248334255)	(50, 39.563655297629374)	(55, 39.54268518794241)	(60, 39.52826584142541)	(65, 39.54207172239573)	(70, 39.51731355988477)	(75, 39.49879998459171)	(80, 39.44738906084291)	(85, 39.424252179887056)	(90, 39.44894074337245)	(95, 39.4915716792578)	(100, 39.48053477950191)	(105, 39.466931591080424)	(110, 39.41241258514799)	(115, 39.397982323362214)	(120, 39.336347587738295)	(125, 39.15351641811217)	(130, 39.103305955363496)	(135, 39.30215380399248)	(140, 39.34367162218451)	(145, 39.40588274883481)	(150, 39.2111218593625)
PID-2861-31_R2	(1, 38.53149647303887)	(2, 37.830611182123754)	(3, 38.28149410595086)	(4, 37.94248922974956)	(5, 38.44348624721867)	(6, 38.653729110448324)	(7, 38.61734791459546)	(8, 38.99498366709274)	(9, 38.672181034890876)	(10, 38.76010187946788)	(15, 38.858286667555525)	(20, 38.920692785858066)	(25, 38.975988435384735)	(30, 38.973014603870666)	(35, 38.9541685705718)	(40, 38.93831622311853)	(45, 38.966504121295436)	(50, 39.0115478646509)	(55, 38.96811475994629)	(60, 38.894700116115416)	(65, 38.89167529948619)	(70, 38.81861542620907)	(75, 38.75384918075013)	(80, 38.738489244114135)	(85, 38.7640948905519)	(90, 38.73090243976493)	(95, 38.74132097602648)	(100, 38.69997854627519)	(105, 38.6594338250996)	(110, 38.605576286397365)	(115, 38.51562016820832)	(120, 38.497840657322925)	(125, 38.52276213398206)	(130, 38.42871617994703)	(135, 38.32945874654878)	(140, 38.06216771776441)	(145, 38.24805089188136)	(150, 37.94384520305523)
PID-2861-32_R1	(1, 39.19264677217003)	(2, 38.567601475145835)	(3, 38.97071555561951)	(4, 38.68586431955039)	(5, 39.07412751717362)	(6, 39.03414839632182)	(7, 39.093452503208404)	(8, 39.20785349012754)	(9, 39.11821967323348)	(10, 39.17027476249001)	(15, 39.36578805160749)	(20, 39.44161120886453)	(25, 39.43124226812801)	(30, 39.39799117450849)	(35, 39.41247436812789)	(40, 39.43099213673359)	(45, 39.45282394219684)	(50, 39.469498005535954)	(55, 39.44816497894248)	(60, 39.43239403173271)	(65, 39.44573605021387)	(70, 39.41996807540023)	(75, 39.405080727819666)	(80, 39.34903008015897)	(85, 39.3225674831925)	(90, 39.35326296353695)	(95, 39.39547138095317)	(100, 39.38302081072959)	(105, 39.36451425018961)	(110, 39.30025795682799)	(115, 39.2862728513198)	(120, 39.21631755648656)	(125, 39.011767598969186)	(130, 38.94902560835486)	(135, 39.17953522395684)	(140, 39.237714456231245)	(145, 39.29930762139755)	(150, 39.10881758565883)
PID-2861-32_R2	(1, 38.60701544612172)	(2, 37.909903074179844)	(3, 38.354571369140984)	(4, 38.06965733864121)	(5, 38.48728216546594)	(6, 38.7804902936817)	(7, 38.63395948974292)	(8, 38.96605306914321)	(9, 38.69755454939109)	(10, 38.760334139031215)	(15, 38.89477091672692)	(20, 38.95887335736105)	(25, 39.006957671382224)	(30, 38.99737006458256)	(35, 38.97439993998)	(40, 38.95550075481651)	(45, 38.98083580788902)	(50, 39.02262092475252)	(55, 38.975880931120784)	(60, 38.899258946206395)	(65, 38.89368873870781)	(70, 38.81862947535688)	(75, 38.755610431721756)	(80, 38.74145184337794)	(85, 38.76630506286121)	(90, 38.7361675712574)	(95, 38.75115437029099)	(100, 38.70345289460335)	(105, 38.65984845876941)	(110, 38.60805863182154)	(115, 38.51718792017565)	(120, 38.498370493142964)	(125, 38.51858507951489)	(130, 38.43132323573982)	(135, 38.32836807158693)	(140, 38.06953837111088)	(145, 38.25415292297144)	(150, 37.9525251823724)
PID-2861-33_R1	(1, 39.240924515845606)	(2, 38.5800692988988)	(3, 38.98558235354781)	(4, 38.75893743853925)	(5, 39.13412917983852)	(6, 39.1865507841397)	(7, 39.16647732763178)	(8, 39.24998355633114)	(9, 39.15867531427708)	(10, 39.20841655995199)	(15, 39.399459261826316)	(20, 39.470074440855534)	(25, 39.45899159671122)	(30, 39.418125337291244)	(35, 39.43895702314347)	(40, 39.45571645491596)	(45, 39.478424839550726)	(50, 39.49192945779166)	(55, 39.469317063655815)	(60, 39.45677334995475)	(65, 39.46805854832519)	(70, 39.44051733287879)	(75, 39.42588128004823)	(80, 39.3723649523132)	(85, 39.344136857789465)	(90, 39.37613769067781)	(95, 39.41970461491686)	(100, 39.403506563778556)	(105, 39.38367588505723)	(110, 39.32529880061715)	(115, 39.30749794240934)	(120, 39.24323878982673)	(125, 39.04755599693806)	(130, 38.99218021037878)	(135, 39.211640788464976)	(140, 39.26238208011113)	(145, 39.323317438351566)	(150, 39.13228246733025)
PID-2861-33_R2	(1, 38.71109894866083)	(2, 37.99496701927848)	(3, 38.38663978295981)	(4, 37.878843047819814)	(5, 38.47283221692326)	(6, 38.727498767739874)	(7, 38.603277202903506)	(8, 38.93383960885993)	(9, 38.67047131209109)	(10, 38.7257038499298)	(15, 38.84884102189433)	(20, 38.91520384723147)	(25, 38.967041503613174)	(30, 38.95306769174123)	(35, 38.93007534566017)	(40, 38.91393408731118)	(45, 38.93582963926075)	(50, 38.976280579494606)	(55, 38.9342071698023)	(60, 38.85703312974128)	(65, 38.85331092772253)	(70, 38.77944150911931)	(75, 38.71100667539598)	(80, 38.70184760482182)	(85, 38.728443331109304)	(90, 38.69572793639368)	(95, 38.71561182717959)	(100, 38.6643260152743)	(105, 38.62173965677357)	(110, 38.56242110304288)	(115, 38.47011032744044)	(120, 38.45117766550564)	(125, 38.475551593583006)	(130, 38.38402663489264)	(135, 38.27709515389353)	(140, 38.00745332249276)	(145, 38.19464434947698)	(150, 37.883107378498366)
PID-2861-34_R1	(1, 39.27598360786295)	(2, 38.702782157964315)	(3, 39.087883607635405)	(4, 38.792037844811695)	(5, 39.19180211113614)	(6, 39.15409382473338)	(7, 39.19529715868107)	(8, 39.34404146728285)	(9, 39.24643498324152)	(10, 39.25675978236701)	(15, 39.4583161633618)	(20, 39.52382471497468)	(25, 39.51678923779705)	(30, 39.479806421113345)	(35, 39.49744140837246)	(40, 39.51597482969561)	(45, 39.5360209329617)	(50, 39.54919856737658)	(55, 39.530832839127356)	(60, 39.523315780384074)	(65, 39.531075226342146)	(70, 39.50566708596964)	(75, 39.49366571904737)	(80, 39.44103314497862)	(85, 39.414847831838)	(90, 39.44370061967999)	(95, 39.48458249713664)	(100, 39.47063406679221)	(105, 39.45574552220329)	(110, 39.39921035261681)	(115, 39.38373810985867)	(120, 39.32185735722187)	(125, 39.13881536405828)	(130, 39.087519949057516)	(135, 39.288047991579106)	(140, 39.33204285702628)	(145, 39.39157031034673)	(150, 39.19929215322183)
PID-2861-34_R2	(1, 38.864432657760666)	(2, 38.201042598167376)	(3, 38.65907586028001)	(4, 38.254055370108695)	(5, 38.649732979277736)	(6, 38.89259327521906)	(7, 38.82765274336202)	(8, 39.12632002894336)	(9, 38.86315387083342)	(10, 38.92677075886097)	(15, 39.01469400664651)	(20, 39.067614001595075)	(25, 39.112361305351506)	(30, 39.10763467256343)	(35, 39.08694976451556)	(40, 39.06968752032409)	(45, 39.09304745933393)	(50, 39.1294893903591)	(55, 39.09042813051697)	(60, 39.02369911758511)	(65, 39.01533941159591)	(70, 38.94848154376123)	(75, 38.88973324154794)	(80, 38.87602174705096)	(85, 38.8960039083515)	(90, 38.86047295401873)	(95, 38.87277453551741)	(100, 38.83506148582491)	(105, 38.79213712321395)	(110, 38.73957460793757)	(115, 38.65901916505949)	(120, 38.6324339122901)	(125, 38.65065584720578)	(130, 38.566320661507895)	(135, 38.479830456157465)	(140, 38.22798661008087)	(145, 38.39725441510138)	(150, 38.11020960001218)
PID-2861-35_R1	(1, 39.26280414221144)	(2, 38.64842789095221)	(3, 39.02448671564087)	(4, 38.74014729357048)	(5, 39.14035549383224)	(6, 39.12132997770773)	(7, 39.19129268482121)	(8, 39.31132546824772)	(9, 39.19428817188346)	(10, 39.23587503517572)	(15, 39.439370297810186)	(20, 39.50346823087534)	(25, 39.49430641028588)	(30, 39.4569755266382)	(35, 39.475528846237935)	(40, 39.49529068183894)	(45, 39.5131886651928)	(50, 39.529877870154095)	(55, 39.50582175960018)	(60, 39.4962505966415)	(65, 39.50947519933622)	(70, 39.48435099055541)	(75, 39.46726864254458)	(80, 39.41486283167202)	(85, 39.389766475602165)	(90, 39.42119696127624)	(95, 39.45837024313279)	(100, 39.44853112888941)	(105, 39.42629539740686)	(110, 39.36992156755642)	(115, 39.35480902589059)	(120, 39.29706595201473)	(125, 39.111638310199496)	(130, 39.05466425342885)	(135, 39.264785585001036)	(140, 39.304053434676064)	(145, 39.36632735134865)	(150, 39.17655223514937)
PID-2861-35_R2	(1, 38.66353979859291)	(2, 38.033337545254)	(3, 38.502372393294465)	(4, 38.264078151608274)	(5, 38.523085769002044)	(6, 38.69583634253812)	(7, 38.70382121671955)	(8, 39.031075859782455)	(9, 38.76793669599168)	(10, 38.817508201033306)	(15, 38.92039460718964)	(20, 38.97910714906739)	(25, 39.03399897001077)	(30, 39.02530675129523)	(35, 39.00099969527609)	(40, 38.980191535304144)	(45, 39.00687978585389)	(50, 39.04851230810577)	(55, 39.00764083496549)	(60, 38.934107702453275)	(65, 38.93326602385959)	(70, 38.86278935551373)	(75, 38.789434424221646)	(80, 38.777623450773966)	(85, 38.81049503906989)	(90, 38.77279141848326)	(95, 38.79104722586789)	(100, 38.748571686743595)	(105, 38.70700372505291)	(110, 38.65110450295623)	(115, 38.56121847159524)	(120, 38.54895018395031)	(125, 38.5695540123795)	(130, 38.47976266947585)	(135, 38.384949871511274)	(140, 38.11831277179148)	(145, 38.302605859817845)	(150, 37.99145841437915)
PID-2861-36_R1	(1, 39.24510649927279)	(2, 38.64971014302855)	(3, 39.036978524190936)	(4, 38.827929595735164)	(5, 39.141989671096105)	(6, 39.14228916812827)	(7, 39.14037613083528)	(8, 39.292007734510854)	(9, 39.17885026833062)	(10, 39.20793966632287)	(15, 39.40235805575219)	(20, 39.462192814046126)	(25, 39.457036640492205)	(30, 39.414084615141874)	(35, 39.43166942672599)	(40, 39.448117941831796)	(45, 39.47025973676125)	(50, 39.48457718627385)	(55, 39.459416251729216)	(60, 39.447165245186184)	(65, 39.45869519453675)	(70, 39.42803157431272)	(75, 39.41089480500705)	(80, 39.354286895400584)	(85, 39.32436750785881)	(90, 39.35869183627328)	(95, 39.39996860088927)	(100, 39.385295727804895)	(105, 39.362722357124554)	(110, 39.3069538924216)	(115, 39.28570535616502)	(120, 39.212223127261105)	(125, 39.012651559708694)	(130, 38.95276679621845)	(135, 39.17777743423343)	(140, 39.22866356482139)	(145, 39.29230628324821)	(150, 39.086787091469276)
PID-2861-36_R2	(1, 38.79490256051244)	(2, 38.206974911507984)	(3, 38.635139612413404)	(4, 38.337694134912184)	(5, 38.68094393977115)	(6, 38.949132300942104)	(7, 38.82770497296104)	(8, 39.08363267437747)	(9, 38.85960889431311)	(10, 38.894985483753224)	(15, 38.984991071377664)	(20, 39.03628499720647)	(25, 39.073249623600454)	(30, 39.06218572334741)	(35, 39.041695999031454)	(40, 39.02334631454615)	(45, 39.046011655750455)	(50, 39.0806949681157)	(55, 39.04381383137457)	(60, 38.96649676528129)	(65, 38.96133323984196)	(70, 38.88844997966913)	(75, 38.82871658182489)	(80, 38.814338171499315)	(85, 38.83453895540388)	(90, 38.798656316448515)	(95, 38.81137084150487)	(100, 38.76473191133684)	(105, 38.72031964731523)	(110, 38.67185436492242)	(115, 38.578231662368935)	(120, 38.56097625308617)	(125, 38.5791229785154)	(130, 38.49296814804578)	(135, 38.40229901631225)	(140, 38.14501751071749)	(145, 38.32048615176397)	(150, 38.02502375063746)
PID-2861-37_R1	(1, 33.259808986442174)	(2, 27.871079325432834)	(3, 30.11090646085839)	(4, 29.546535970027225)	(5, 32.31225236071554)	(6, 33.79454811726759)	(7, 33.95379196952408)	(8, 34.89489761996747)	(9, 34.77576122406807)	(10, 35.369031724782346)	(15, 36.65073090089038)	(20, 37.17914124760784)	(25, 37.42142298811332)	(30, 37.504450094788)	(35, 37.62141983235665)	(40, 37.63424920483857)	(45, 37.778047793480596)	(50, 37.895663646829355)	(55, 37.88608536896122)	(60, 37.816763429047434)	(65, 37.9155738893586)	(70, 37.847056221958724)	(75, 37.79382698715199)	(80, 37.678847180187745)	(85, 37.51721609855605)	(90, 37.69775835217037)	(95, 37.864426827440695)	(100, 37.85019396188255)	(105, 37.820865326816616)	(110, 37.64953105114376)	(115, 37.68216403494502)	(120, 37.3945248459122)	(125, 36.69583064961576)	(130, 36.443895747197345)	(135, 37.188738834554684)	(140, 37.47818059650724)	(145, 37.68990719979873)	(150, 37.360916941062186)
PID-2861-37_R2	(1, 39.333159630192)	(2, 38.93548126252235)	(3, 39.29201893963217)	(4, 38.89883289458316)	(5, 39.272126935067966)	(6, 39.463634648385906)	(7, 39.31170429735582)	(8, 39.55818007025992)	(9, 39.299700811313464)	(10, 39.36453221444551)	(15, 39.42586140286251)	(20, 39.46531657397507)	(25, 39.49257059684998)	(30, 39.48686355019272)	(35, 39.45690979352101)	(40, 39.44529929976637)	(45, 39.45502820763507)	(50, 39.46895975990897)	(55, 39.444151292154125)	(60, 39.40097281633474)	(65, 39.39232648670356)	(70, 39.33536598282151)	(75, 39.294372327748555)	(80, 39.263083452879684)	(85, 39.27236791996821)	(90, 39.23368968111282)	(95, 39.24519457042857)	(100, 39.21745221278572)	(105, 39.18256033582059)	(110, 39.14088886583572)	(115, 39.06311544613622)	(120, 39.02899509047373)	(125, 39.03583440600245)	(130, 38.96770548841193)	(135, 38.8941419011374)	(140, 38.68270741934771)	(145, 38.82060966910932)	(150, 38.540141369192526)
PID-2861-38_R1	(1, 39.23930937636348)	(2, 38.62235690531974)	(3, 39.00976757999406)	(4, 38.782506352226854)	(5, 39.155441649342414)	(6, 39.18065256527303)	(7, 39.121702433462026)	(8, 39.30205801150551)	(9, 39.11781226740583)	(10, 39.21689060799568)	(15, 39.412034429503805)	(20, 39.47840679529636)	(25, 39.471218755387675)	(30, 39.43730997030925)	(35, 39.45402662051159)	(40, 39.46996003795461)	(45, 39.49121788966282)	(50, 39.50957189593841)	(55, 39.48678065112506)	(60, 39.47666011317155)	(65, 39.48894818734327)	(70, 39.45953789472294)	(75, 39.44523147658241)	(80, 39.3922182887906)	(85, 39.36376768371984)	(90, 39.39523475977317)	(95, 39.43612618512416)	(100, 39.42570129032542)	(105, 39.40745256889855)	(110, 39.34882872147423)	(115, 39.33194669443394)	(120, 39.26484379704074)	(125, 39.07306133581373)	(130, 39.014692960714704)	(135, 39.23509629590128)	(140, 39.28259678146556)	(145, 39.34460582707535)	(150, 39.14519762393999)
PID-2861-38_R2	(1, 38.754703214428446)	(2, 38.130395726317104)	(3, 38.55315888083479)	(4, 38.16029244075838)	(5, 38.641063434272326)	(6, 38.83849027825137)	(7, 38.71415162481347)	(8, 39.05022384037486)	(9, 38.78672283758465)	(10, 38.83102849349209)	(15, 38.955145324746525)	(20, 39.01557195362162)	(25, 39.06335076755258)	(30, 39.05598787869388)	(35, 39.031586809203645)	(40, 39.014305297356216)	(45, 39.037978154738866)	(50, 39.0780046444102)	(55, 39.03804039141104)	(60, 38.962057675582244)	(65, 38.957572761362535)	(70, 38.88385093825315)	(75, 38.820021079882274)	(80, 38.80842835127246)	(85, 38.829060407484704)	(90, 38.7996986328254)	(95, 38.80953561318988)	(100, 38.76786490785524)	(105, 38.72493840479716)	(110, 38.67177585517508)	(115, 38.58427193202533)	(120, 38.560559516878875)	(125, 38.58246400479264)	(130, 38.49818878081258)	(135, 38.40470295863797)	(140, 38.1513034131208)	(145, 38.32283237807417)	(150, 38.02179842630339)
PID-2861-39_R1	(1, 39.22008094505308)	(2, 38.57838172938141)	(3, 39.011431076825204)	(4, 38.79352324949397)	(5, 39.13752730725401)	(6, 39.11675707791606)	(7, 39.12682506068013)	(8, 39.2835761016274)	(9, 39.11446837898791)	(10, 39.19693934474041)	(15, 39.388366124922115)	(20, 39.458941640755164)	(25, 39.449447745773604)	(30, 39.4122198792809)	(35, 39.428399446631346)	(40, 39.44587473881184)	(45, 39.46975554922389)	(50, 39.4855534825658)	(55, 39.46337433235461)	(60, 39.44772448231551)	(65, 39.45943696962923)	(70, 39.431991640812946)	(75, 39.416129659771855)	(80, 39.36466822766245)	(85, 39.33537231000259)	(90, 39.36541810878378)	(95, 39.41021462035228)	(100, 39.39533799545903)	(105, 39.379203149010515)	(110, 39.31907179471763)	(115, 39.30046400334798)	(120, 39.2323231378743)	(125, 39.03532454871121)	(130, 38.9740619950796)	(135, 39.19838528419019)	(140, 39.24866411567764)	(145, 39.31521563691985)	(150, 39.12353562809611)
PID-2861-39_R2	(1, 38.492843994983204)	(2, 37.76498424370249)	(3, 38.30359266508292)	(4, 37.99550092990334)	(5, 38.374710449973875)	(6, 38.363190538006634)	(7, 38.50813128114603)	(8, 38.870819375231044)	(9, 38.60996883128296)	(10, 38.648920002406655)	(15, 38.76353559689544)	(20, 38.83051167426438)	(25, 38.88977278437799)	(30, 38.87924267627005)	(35, 38.85803793659203)	(40, 38.83782521098917)	(45, 38.868252465218305)	(50, 38.908744644904786)	(55, 38.86960553192442)	(60, 38.78676293961304)	(65, 38.786862666713695)	(70, 38.70898343241585)	(75, 38.637033059136954)	(80, 38.6252153926509)	(85, 38.65655110842132)	(90, 38.61932133006702)	(95, 38.635793115321896)	(100, 38.59092607279952)	(105, 38.548338452743735)	(110, 38.48853579901278)	(115, 38.38870892494189)	(120, 38.370783674860284)	(125, 38.395056602093916)	(130, 38.29764424321704)	(135, 38.19546600688755)	(140, 37.90072170852028)	(145, 38.10302477015196)	(150, 37.78880297645267)
PID-2861-3_R1	(1, 37.72002119281033)	(2, 35.85632908304791)	(3, 36.95083562978838)	(4, 36.573308631078326)	(5, 37.56175128852968)	(6, 37.62159942184924)	(7, 37.84349313786331)	(8, 38.18165233580394)	(9, 37.949193981151105)	(10, 38.13601926866652)	(15, 38.6577115670812)	(20, 38.84535226319987)	(25, 38.8964256998959)	(30, 38.88099549570571)	(35, 38.930858712047296)	(40, 38.941873757292626)	(45, 39.00070132635102)	(50, 39.0386214727018)	(55, 39.012678272048156)	(60, 38.985368797376125)	(65, 39.02215987337896)	(70, 38.98106847786729)	(75, 38.9512781183051)	(80, 38.876542695599476)	(85, 38.809226394188364)	(90, 38.878451969739196)	(95, 38.95558067303823)	(100, 38.936652494164136)	(105, 38.91562601109198)	(110, 38.81360363132231)	(115, 38.8112940419265)	(120, 38.673836683346245)	(125, 38.27826270792711)	(130, 38.136248404061206)	(135, 38.578453430037754)	(140, 38.70501543057246)	(145, 38.80953218988273)	(150, 38.541614468467074)
PID-2861-3_R2	(1, 39.18891892842434)	(2, 38.75255124904842)	(3, 39.109765823983956)	(4, 38.834536112299205)	(5, 39.170430810806515)	(6, 39.340880908431856)	(7, 39.2229771814243)	(8, 39.43284953671927)	(9, 39.23270681425999)	(10, 39.27340790146931)	(15, 39.346042388011405)	(20, 39.392291381381824)	(25, 39.41689141590722)	(30, 39.41419816548733)	(35, 39.38883674965715)	(40, 39.372491941713605)	(45, 39.38308515305825)	(50, 39.40105819621884)	(55, 39.375180258630515)	(60, 39.324232743921165)	(65, 39.31563396873524)	(70, 39.26103138839451)	(75, 39.21402525878385)	(80, 39.19235228526053)	(85, 39.20565260396531)	(90, 39.17267603280629)	(95, 39.177214403154416)	(100, 39.14957930030827)	(105, 39.12059203828404)	(110, 39.07323160661117)	(115, 38.999460603562625)	(120, 38.967237693282165)	(125, 38.97947865668814)	(130, 38.91118034669164)	(135, 38.83793393815277)	(140, 38.63149823542169)	(145, 38.7813709087247)	(150, 38.483076333219344)
PID-2861-40_R1	(1, 39.23425000757827)	(2, 38.55646645754132)	(3, 38.99080886772317)	(4, 38.71307005559835)	(5, 39.142566555483896)	(6, 39.198689639096756)	(7, 39.14510867236065)	(8, 39.259696263025475)	(9, 39.14954901466839)	(10, 39.225619583781366)	(15, 39.41171780353117)	(20, 39.48265175879228)	(25, 39.47540459267448)	(30, 39.43892893655314)	(35, 39.45144870752341)	(40, 39.472840330924)	(45, 39.49282154654553)	(50, 39.51094011597604)	(55, 39.488711844547126)	(60, 39.47633074893666)	(65, 39.4916374028237)	(70, 39.46385198355135)	(75, 39.4482002664346)	(80, 39.39417348000616)	(85, 39.36615629730217)	(90, 39.394451579538675)	(95, 39.43763397634916)	(100, 39.423595344097194)	(105, 39.40820983273777)	(110, 39.34898702822089)	(115, 39.33470646279491)	(120, 39.27076691190691)	(125, 39.07305101307554)	(130, 39.02181420533262)	(135, 39.23874613124916)	(140, 39.28712825047799)	(145, 39.34746242833781)	(150, 39.15433477045761)
PID-2861-40_R2	(1, 38.59923924643795)	(2, 37.891422759681106)	(3, 38.39596188079019)	(4, 38.1961673825081)	(5, 38.57646054126602)	(6, 38.81307810424143)	(7, 38.68614368604857)	(8, 39.00213550360987)	(9, 38.74888965310348)	(10, 38.776536633100754)	(15, 38.88746363730439)	(20, 38.941753704016584)	(25, 38.99056527532159)	(30, 38.98658960871728)	(35, 38.9625916517762)	(40, 38.948044457112196)	(45, 38.96881842428108)	(50, 39.00698249755682)	(55, 38.968096058884896)	(60, 38.89644557334326)	(65, 38.89578498123979)	(70, 38.82302652122944)	(75, 38.75859436135816)	(80, 38.74618165882685)	(85, 38.77238608909154)	(90, 38.738642258554044)	(95, 38.75291696115272)	(100, 38.70549334237949)	(105, 38.66782479075925)	(110, 38.61051787289)	(115, 38.515493049490374)	(120, 38.49808105367638)	(125, 38.521110657314814)	(130, 38.43422519964516)	(135, 38.3334258711404)	(140, 38.06493792343106)	(145, 38.25230524909169)	(150, 37.94747403088099)
PID-2861-4_R1	(1, 39.29049733677249)	(2, 38.723637117027444)	(3, 39.11138199528852)	(4, 38.8266364406696)	(5, 39.192667710983635)	(6, 39.25238013283799)	(7, 39.20418223733035)	(8, 39.34655720704772)	(9, 39.24584675726427)	(10, 39.27111527519158)	(15, 39.4519991493448)	(20, 39.52511077153112)	(25, 39.516167029189816)	(30, 39.48004571177442)	(35, 39.495540178055236)	(40, 39.51427001615897)	(45, 39.53692541237641)	(50, 39.55028488349331)	(55, 39.52672808890057)	(60, 39.51857909364692)	(65, 39.53102628959131)	(70, 39.50282604278497)	(75, 39.487371365514704)	(80, 39.437597000773806)	(85, 39.41656193822219)	(90, 39.44318880256294)	(95, 39.482959220315365)	(100, 39.469805624914066)	(105, 39.45331357546287)	(110, 39.399998571615384)	(115, 39.38286273142666)	(120, 39.324872755879014)	(125, 39.14380660343681)	(130, 39.09177348159788)	(135, 39.29852016590742)	(140, 39.339241292539135)	(145, 39.39534655532808)	(150, 39.19841929318224)
PID-2861-4_R2	(1, 38.650893022552204)	(2, 38.117431944917946)	(3, 38.60160330790506)	(4, 38.252694743373176)	(5, 38.620703565622605)	(6, 38.77365909591675)	(7, 38.76244273704588)	(8, 39.09745143542427)	(9, 38.81948480606508)	(10, 38.87073752916549)	(15, 38.963615196911334)	(20, 39.02016535158588)	(25, 39.06717623322904)	(30, 39.05350285887278)	(35, 39.04260678211849)	(40, 39.01891691936415)	(45, 39.04740880457943)	(50, 39.085486397840135)	(55, 39.04889626929683)	(60, 38.982886207425366)	(65, 38.97765639822727)	(70, 38.912115209337756)	(75, 38.84125325986578)	(80, 38.8288796169339)	(85, 38.85613132426164)	(90, 38.82345151389359)	(95, 38.84032661654241)	(100, 38.79749361239347)	(105, 38.76226356732569)	(110, 38.71184193799894)	(115, 38.61873476124177)	(120, 38.60532960842382)	(125, 38.620717034947674)	(130, 38.536637637873426)	(135, 38.44652138686915)	(140, 38.20037220100915)	(145, 38.37627794155962)	(150, 38.06870167492578)
PID-2861-5_R1	(1, 39.28135400183907)	(2, 38.661658241496646)	(3, 39.06305107846844)	(4, 38.86231265082455)	(5, 39.19680823752911)	(6, 39.26055480094661)	(7, 39.203109611228584)	(8, 39.35479534538529)	(9, 39.219987957374705)	(10, 39.28522285702593)	(15, 39.461714559107534)	(20, 39.53393717519319)	(25, 39.52748897180976)	(30, 39.48656595915993)	(35, 39.50195551443792)	(40, 39.52121020288027)	(45, 39.54301141724765)	(50, 39.558926544846244)	(55, 39.537057765679116)	(60, 39.52553088974466)	(65, 39.53580254444557)	(70, 39.508541973113466)	(75, 39.49403703557517)	(80, 39.442351722021876)	(85, 39.422117307308916)	(90, 39.44605910967696)	(95, 39.484456800667246)	(100, 39.476546120589106)	(105, 39.46161338667291)	(110, 39.406535329499576)	(115, 39.39429378230645)	(120, 39.33773734358042)	(125, 39.1587819143868)	(130, 39.107531079486115)	(135, 39.30845773183836)	(140, 39.347534586219204)	(145, 39.40556462584967)	(150, 39.21486197262536)
PID-2861-5_R2	(1, 38.68487997050023)	(2, 38.038536400935406)	(3, 38.496137491306435)	(4, 38.11469433669873)	(5, 38.593033948067344)	(6, 38.67493313542352)	(7, 38.696446492001925)	(8, 39.01662162351393)	(9, 38.77188093671087)	(10, 38.81510820031486)	(15, 38.93019726823462)	(20, 38.9891434223819)	(25, 39.04054075692899)	(30, 39.030224507563624)	(35, 39.00338677402929)	(40, 38.986905172469974)	(45, 39.00703327627674)	(50, 39.045386749086354)	(55, 39.00741592807251)	(60, 38.93412008791354)	(65, 38.9372488291582)	(70, 38.864364495616044)	(75, 38.803207990593364)	(80, 38.795707295488846)	(85, 38.823862688961036)	(90, 38.790463856022576)	(95, 38.80761440109386)	(100, 38.770538846953556)	(105, 38.73063410328314)	(110, 38.672447290215246)	(115, 38.58505930234021)	(120, 38.56976680618375)	(125, 38.591565630538)	(130, 38.5057994043373)	(135, 38.41636038756481)	(140, 38.16094613394205)	(145, 38.332844048875245)	(150, 38.02377797557687)
PID-2861-6_R1	(1, 39.24878817283087)	(2, 38.59567988839969)	(3, 39.04176430594153)	(4, 38.846265724048855)	(5, 39.16163783145096)	(6, 39.10394979746039)	(7, 39.12191322371331)	(8, 39.271636313228996)	(9, 39.15659909478766)	(10, 39.2264971538839)	(15, 39.42179066579534)	(20, 39.48564957238624)	(25, 39.48024140378511)	(30, 39.43722583984332)	(35, 39.45419282653084)	(40, 39.47570135061177)	(45, 39.49482279621389)	(50, 39.51360030708689)	(55, 39.48923010400338)	(60, 39.4758414949714)	(65, 39.48931155629633)	(70, 39.46184937186505)	(75, 39.44645201836525)	(80, 39.39425173936276)	(85, 39.368060298805524)	(90, 39.39726060156703)	(95, 39.43924066237398)	(100, 39.42373006500559)	(105, 39.40987513678447)	(110, 39.34999462215362)	(115, 39.33697361359076)	(120, 39.27264511337551)	(125, 39.08186766971992)	(130, 39.02702798305789)	(135, 39.24130490077662)	(140, 39.28856041945546)	(145, 39.35389896305313)	(150, 39.159205965058305)
PID-2861-6_R2	(1, 38.72390583503308)	(2, 37.996563097524856)	(3, 38.495763280591625)	(4, 38.11912541613584)	(5, 38.52758873347283)	(6, 38.6802162476154)	(7, 38.68656637600417)	(8, 38.99404372919321)	(9, 38.753596975877876)	(10, 38.7906354309)	(15, 38.9028747202841)	(20, 38.96874412540816)	(25, 39.01521753539818)	(30, 39.00204004427839)	(35, 38.9810097129485)	(40, 38.959935385359486)	(45, 38.984187144725425)	(50, 39.02525237770314)	(55, 38.98309176984178)	(60, 38.91005402251371)	(65, 38.9087189854264)	(70, 38.838661092947014)	(75, 38.77177430498543)	(80, 38.75944034764963)	(85, 38.78549256180171)	(90, 38.75574609513561)	(95, 38.76684692714277)	(100, 38.722643139459834)	(105, 38.6827004333428)	(110, 38.62667413201824)	(115, 38.53807368115478)	(120, 38.51707615173752)	(125, 38.54181490777067)	(130, 38.450500277006554)	(135, 38.34889655084992)	(140, 38.09129850375276)	(145, 38.27592957416946)	(150, 37.97016133802738)
PID-2861-7_R1	(1, 39.24914698325361)	(2, 38.654633553919744)	(3, 39.05261027255228)	(4, 38.80274039375088)	(5, 39.157896910964055)	(6, 39.11993456762585)	(7, 39.14537636007634)	(8, 39.27077601804347)	(9, 39.14187341479334)	(10, 39.22705859997852)	(15, 39.424117942889715)	(20, 39.49755681454386)	(25, 39.492666283185734)	(30, 39.45397805073375)	(35, 39.473886884373314)	(40, 39.48824055192761)	(45, 39.51298895683507)	(50, 39.52768417647253)	(55, 39.50698626022896)	(60, 39.49580008757905)	(65, 39.50682256029685)	(70, 39.47863040596026)	(75, 39.4628051073622)	(80, 39.41324733926287)	(85, 39.39036790818494)	(90, 39.417657315018346)	(95, 39.45894157309537)	(100, 39.44760785120178)	(105, 39.43061366454274)	(110, 39.372338948521644)	(115, 39.35983247517974)	(120, 39.29727300539575)	(125, 39.10740462585098)	(130, 39.053272329023606)	(135, 39.26297065224095)	(140, 39.31083193877454)	(145, 39.37156213230201)	(150, 39.18450829196398)
PID-2861-7_R2	(1, 38.67769598731009)	(2, 37.99191596235986)	(3, 38.518068257863035)	(4, 38.21310547665667)	(5, 38.5993588949199)	(6, 38.66223015341909)	(7, 38.709226625688814)	(8, 39.000760073033106)	(9, 38.78172685288456)	(10, 38.822394890987354)	(15, 38.92906058119682)	(20, 38.985916726391736)	(25, 39.034811875536306)	(30, 39.02418137697278)	(35, 39.00077093518901)	(40, 38.98103775339122)	(45, 39.00474502188485)	(50, 39.04101072673508)	(55, 39.0091454032676)	(60, 38.939551870923424)	(65, 38.93777942038837)	(70, 38.87001152197952)	(75, 38.8039895265275)	(80, 38.796925051514826)	(85, 38.81840526895588)	(90, 38.78849317799399)	(95, 38.802729657010076)	(100, 38.75975985738239)	(105, 38.72180370544298)	(110, 38.664011760417324)	(115, 38.575118249686355)	(120, 38.5584821738615)	(125, 38.577372687161855)	(130, 38.49714799404724)	(135, 38.40197802833684)	(140, 38.14395655154863)	(145, 38.3225336095072)	(150, 38.01555918707674)
PID-2861-8_R1	(1, 39.18674556696399)	(2, 38.518697634522795)	(3, 38.92553724873506)	(4, 38.66456583562665)	(5, 39.03464022587678)	(6, 38.97067584333628)	(7, 39.08372043153493)	(8, 39.22444207312403)	(9, 39.034272614482866)	(10, 39.12292933563339)	(15, 39.347642689529394)	(20, 39.421878783876345)	(25, 39.41732275755298)	(30, 39.37888826439961)	(35, 39.40181574995633)	(40, 39.41646089415609)	(45, 39.44097886289257)	(50, 39.45791560110321)	(55, 39.43788160260661)	(60, 39.423836668432955)	(65, 39.43807664219939)	(70, 39.40707183174595)	(75, 39.39340776540878)	(80, 39.33677933640883)	(85, 39.30807414522841)	(90, 39.345146917701236)	(95, 39.387259854253806)	(100, 39.36975378213335)	(105, 39.35128245535816)	(110, 39.28953340525368)	(115, 39.27653772601617)	(120, 39.20446579030566)	(125, 38.986805567483444)	(130, 38.92819475512058)	(135, 39.16296784815736)	(140, 39.21954211325597)	(145, 39.28862766107526)	(150, 39.080953489443985)
PID-2861-8_R2	(1, 38.006578201665484)	(2, 37.05308819099454)	(3, 37.764416238212185)	(4, 37.38678539153166)	(5, 37.960197897467054)	(6, 38.04354765417979)	(7, 38.15815663308809)	(8, 38.55443763115302)	(9, 38.29061518745628)	(10, 38.35810271928416)	(15, 38.49768996848751)	(20, 38.588900850399206)	(25, 38.65092060335843)	(30, 38.64220758271581)	(35, 38.61894233795837)	(40, 38.592066167484994)	(45, 38.623551861319086)	(50, 38.676902246189115)	(55, 38.62882200210816)	(60, 38.533544731482465)	(65, 38.53756395321161)	(70, 38.44990824996622)	(75, 38.365613814115555)	(80, 38.36260137553636)	(85, 38.39542094903779)	(90, 38.34940470361694)	(95, 38.3640543876182)	(100, 38.29605378787871)	(105, 38.24666783705402)	(110, 38.17539276577078)	(115, 38.062532360401235)	(120, 38.045528094665556)	(125, 38.07313091644935)	(130, 37.94870492948236)	(135, 37.81112270774886)	(140, 37.45935794066985)	(145, 37.691847975667905)	(150, 37.3954583102615)
PID-2861-9_R1	(1, 39.21367622852317)	(2, 38.565493626014174)	(3, 38.99694251682669)	(4, 38.76932328407973)	(5, 39.0974018574713)	(6, 39.09172928299003)	(7, 39.100496685412466)	(8, 39.26515838490582)	(9, 39.12332487171115)	(10, 39.170619671211455)	(15, 39.37838997298072)	(20, 39.446752221792984)	(25, 39.43594608532353)	(30, 39.39739764497419)	(35, 39.41510988486938)	(40, 39.42910686179205)	(45, 39.454268435517875)	(50, 39.47114359088587)	(55, 39.44667123553696)	(60, 39.432447757901045)	(65, 39.44363224233216)	(70, 39.41483722858512)	(75, 39.397415193971035)	(80, 39.34412595347773)	(85, 39.31805191057918)	(90, 39.35096307642125)	(95, 39.39575514915043)	(100, 39.381937038365734)	(105, 39.363216912841565)	(110, 39.302172942646116)	(115, 39.28565674554866)	(120, 39.21740095924575)	(125, 39.015188403767276)	(130, 38.95819692347327)	(135, 39.1814998083894)	(140, 39.23401979067184)	(145, 39.29948062808832)	(150, 39.100541322283114)
PID-2861-9_R2	(1, 38.728213397579104)	(2, 38.00952770359362)	(3, 38.435246566435865)	(4, 38.125633544411066)	(5, 38.53226635820527)	(6, 38.61604120564232)	(7, 38.635364729111586)	(8, 38.981326658514654)	(9, 38.71346700206737)	(10, 38.7650622824661)	(15, 38.87444560238531)	(20, 38.943568154922325)	(25, 38.991048677756375)	(30, 38.98042103190394)	(35, 38.95269689089263)	(40, 38.93480617246435)	(45, 38.95607446374247)	(50, 38.996451182374436)	(55, 38.9572028567582)	(60, 38.87996176029053)	(65, 38.876496036015794)	(70, 38.803994080536015)	(75, 38.7349350261837)	(80, 38.722958369130794)	(85, 38.75096889244602)	(90, 38.715171517198364)	(95, 38.73142384071804)	(100, 38.68968556572953)	(105, 38.640973223140385)	(110, 38.590074099963566)	(115, 38.497765059074354)	(120, 38.477459499772216)	(125, 38.50275185591895)	(130, 38.4155408230124)	(135, 38.31571381696311)	(140, 38.042308119063)	(145, 38.22418398560357)	(150, 37.92576113352976)
