Sample	0	1	2	3	4	5	6	7	8	9	10	11	12	13	14	15	16	17	18	19	20	21	22	23	24	25	26	27	28	29	30	31	32	33	34	35	36	37
PID-2861-10_R1	(1, 0.0001229844387789613)	(2, 0.02902432755183487)	(3, 0.003320579847031955)	(4, 0.0)	(5, 0.0)	(6, 0.0)	(7, 0.0)	(8, 0.0)	(9, 0.0)	(10, 0.0)	(15, 0.0)	(20, 0.0)	(25, 0.0)	(30, 0.09937360194378703)	(35, 0.08599719229990586)	(40, 0.0)	(45, 0.0)	(50, 0.0)	(55, 0.0)	(60, 4.926628946753241e-05)	(65, 0.0)	(70, 0.0)	(75, 0.0)	(80, 0.0)	(85, 0.0)	(90, 4.9464754260337455e-05)	(95, 0.0)	(100, 0.0)	(105, 2.4825267355716786e-05)	(110, 0.0)	(115, 0.0)	(120, 0.0005487968999959838)	(125, 0.0)	(130, 0.0)	(135, 0.0)	(140, 0.00022674628652567753)	(145, 0.0)	(150, 0.0)
PID-2861-10_R2	(1, 0.0)	(2, 0.0)	(3, 0.0023367043368002645)	(4, 0.0)	(5, 0.0)	(6, 0.0)	(7, 0.0)	(8, 0.0)	(9, 0.0)	(10, 0.0)	(15, 0.0)	(20, 0.0)	(25, 0.0)	(30, 0.0003443639671319352)	(35, 0.0)	(40, 0.0)	(45, 0.0)	(50, 0.0)	(55, 0.0)	(60, 4.926628946753241e-05)	(65, 0.0)	(70, 0.0)	(75, 0.0)	(80, 0.0)	(85, 0.0)	(90, 0.00022259139417151852)	(95, 0.0)	(100, 0.0)	(105, 0.0)	(110, 0.0)	(115, 7.470766889162707e-05)	(120, 0.0007982500363577946)	(125, 0.0)	(130, 0.00020036862818370097)	(135, 0.0)	(140, 0.0)	(145, 0.0)	(150, 0.0)
PID-2861-11_R1	(1, 0.0003486474802084447)	(2, 0.02882152503056476)	(3, 0.0013945899208337787)	(4, 0.0)	(5, 0.0)	(6, 0.0)	(7, 0.0)	(8, 0.0)	(9, 0.0)	(10, 0.0)	(15, 0.0)	(20, 0.0)	(25, 0.0)	(30, 0.09590281600047604)	(35, 0.08902527550765908)	(40, 0.0)	(45, 0.0)	(50, 0.0)	(55, 0.0)	(60, 2.3264059168877527e-05)	(65, 0.0)	(70, 0.0)	(75, 0.0)	(80, 0.0)	(85, 0.0)	(90, 2.333976110354125e-05)	(95, 0.0)	(100, 0.0)	(105, 0.0)	(110, 4.68583579613053e-05)	(115, 0.0)	(120, 0.0004933447789322046)	(125, 0.0)	(130, 0.0)	(135, 0.0)	(140, 9.47371387820925e-05)	(145, 0.0)	(150, 0.0)
PID-2861-11_R2	(1, 0.0)	(2, 0.0)	(3, 0.0023243165347229646)	(4, 0.0)	(5, 0.0)	(6, 0.0)	(7, 0.0)	(8, 0.0)	(9, 0.0)	(10, 0.0)	(15, 0.0)	(20, 0.0)	(25, 0.0)	(30, 0.00032540945807238593)	(35, 2.3244197260485398e-05)	(40, 0.0)	(45, 0.0)	(50, 0.0)	(55, 0.0)	(60, 4.6528118337755054e-05)	(65, 4.654746945845976e-05)	(70, 0.0)	(75, 0.0)	(80, 2.330875735653518e-05)	(85, 4.66511038584195e-05)	(90, 0.0001400385666212475)	(95, 0.0)	(100, 0.0)	(105, 0.0)	(110, 0.0)	(115, 0.0001407650722441542)	(120, 0.0005403299959733669)	(125, 0.0)	(130, 4.713747101340142e-05)	(135, 4.7232985438779085e-05)	(140, 0.0)	(145, 0.0)	(150, 0.00015299584998756908)
PID-2861-12_R1	(1, 0.0)	(2, 0.027143972700918884)	(3, 0.0018719981173047505)	(4, 0.0)	(5, 0.0)	(6, 0.0)	(7, 0.0)	(8, 0.0)	(9, 0.0)	(10, 0.0)	(15, 0.0)	(20, 0.0)	(25, 0.0)	(30, 0.09467103686714819)	(35, 0.08443140516644246)	(40, 0.0)	(45, 0.0)	(50, 0.0)	(55, 0.0)	(60, 5.354484260091931e-05)	(65, 0.0)	(70, 0.0)	(75, 0.0)	(80, 0.0)	(85, 0.0)	(90, 5.37295132723987e-05)	(95, 0.0)	(100, 0.0)	(105, 2.6949790384530386e-05)	(110, 0.0)	(115, 5.403903996403162e-05)	(120, 0.0005141289397497707)	(125, 0.0)	(130, 0.0)	(135, 2.720708646656943e-05)	(140, 0.00010914879764413235)	(145, 0.0)	(150, 0.0)
PID-2861-12_R2	(1, 0.0)	(2, 0.0)	(3, 0.0021394264197768576)	(4, 0.0)	(5, 0.0)	(6, 0.0)	(7, 0.0)	(8, 0.0)	(9, 0.0)	(10, 0.0)	(15, 0.0)	(20, 0.0)	(25, 0.0)	(30, 0.000347661999794612)	(35, 0.0)	(40, 0.0)	(45, 0.0)	(50, 0.0)	(55, 0.0)	(60, 5.354484260091931e-05)	(65, 0.0)	(70, 0.0)	(75, 0.0)	(80, 8.047104531083149e-05)	(85, 0.0)	(90, 8.059426990859804e-05)	(95, 0.0)	(100, 0.0)	(105, 2.6949790384530386e-05)	(110, 0.0)	(115, 0.00016211711989209485)	(120, 0.0007306042828023058)	(125, 0.0)	(130, 0.0)	(135, 2.720708646656943e-05)	(140, 0.0)	(145, 0.0)	(150, 0.00017602503780137687)
PID-2861-13_R1	(1, 0.00021830676903798754)	(2, 0.02739749951426744)	(3, 0.0018556075368228945)	(4, 0.0)	(5, 0.0)	(6, 0.0)	(7, 0.0)	(8, 0.0)	(9, 0.0)	(10, 0.0)	(15, 0.0)	(20, 0.0)	(25, 0.0)	(30, 0.09882866096660849)	(35, 0.08754519984866252)	(40, 0.0)	(45, 0.0)	(50, 0.0)	(55, 0.0)	(60, 0.0)	(65, 0.0)	(70, 0.0)	(75, 0.0)	(80, 0.0)	(85, 0.0)	(90, 0.0)	(95, 0.0)	(100, 0.0)	(105, 0.0)	(110, 0.0)	(115, 2.203428446525656e-05)	(120, 0.00028684464273499746)	(125, 0.0)	(130, 0.0)	(135, 0.0)	(140, 0.0)	(145, 0.0)	(150, 0.0)
PID-2861-13_R2	(1, 0.0)	(2, 0.0)	(3, 0.0017464541523039003)	(4, 0.0)	(5, 0.0)	(6, 0.0)	(7, 0.0)	(8, 0.0)	(9, 0.0)	(10, 0.0)	(15, 0.0)	(20, 0.0)	(25, 0.0)	(30, 0.00024014032927605332)	(35, 0.0)	(40, 0.0)	(45, 0.0)	(50, 0.0)	(55, 0.0)	(60, 2.1851776341824714e-05)	(65, 0.0)	(70, 0.0)	(75, 0.0)	(80, 0.0)	(85, 0.0)	(90, 6.575113327557462e-05)	(95, 0.0)	(100, 0.0)	(105, 0.0)	(110, 0.0)	(115, 0.0)	(120, 0.00037510453280730437)	(125, 0.0)	(130, 0.0)	(135, 0.0)	(140, 0.0)	(145, 0.0)	(150, 0.0)
PID-2861-14_R1	(1, 0.0)	(2, 0.029432992870073893)	(3, 0.0012985143913267895)	(4, 0.0)	(5, 0.0)	(6, 0.0)	(7, 0.0)	(8, 0.0)	(9, 0.0)	(10, 0.0)	(15, 0.0)	(20, 0.0)	(25, 0.0)	(30, 0.09949068646409406)	(35, 0.09410603594556222)	(40, 0.0)	(45, 0.0)	(50, 0.0)	(55, 0.0)	(60, 4.333874778755693e-05)	(65, 0.0)	(70, 0.0)	(75, 0.0)	(80, 0.0)	(85, 0.0)	(90, 2.17483876832791e-05)	(95, 0.0)	(100, 0.0)	(105, 0.0)	(110, 6.55344784536834e-05)	(115, 8.750776357940005e-05)	(120, 0.00043820047715649956)	(125, 6.5848983258774e-05)	(130, 0.0)	(135, 0.0)	(140, 4.420714051416441e-05)	(145, 0.0)	(150, 0.0)
PID-2861-14_R2	(1, 0.0002164190652211316)	(2, 0.0)	(3, 0.0019477715869901844)	(4, 0.0)	(5, 0.0)	(6, 0.0)	(7, 0.0)	(8, 0.0)	(9, 0.0)	(10, 0.0)	(15, 0.0)	(20, 0.0)	(25, 0.0)	(30, 0.0003029953470735952)	(35, 0.0)	(40, 0.0)	(45, 0.0)	(50, 0.0)	(55, 0.0)	(60, 4.333874778755693e-05)	(65, 2.1680856064265525e-05)	(70, 0.0)	(75, 0.0)	(80, 0.0)	(85, 4.346646822775039e-05)	(90, 0.00015223871378295368)	(95, 0.0)	(100, 0.0)	(105, 0.0)	(110, 0.0)	(115, 4.375388178970003e-05)	(120, 0.0005477505964456245)	(125, 2.1949661086257998e-05)	(130, 6.596918183701302e-05)	(135, 0.0)	(140, 0.0)	(145, 0.0)	(150, 0.00021412267516305442)
PID-2861-15_R1	(1, 0.0)	(2, 0.02974296132820168)	(3, 0.0009914320442733894)	(4, 0.0)	(5, 0.0)	(6, 0.0)	(7, 0.0)	(8, 0.0)	(9, 0.0)	(10, 0.0)	(15, 0.0)	(20, 0.0)	(25, 0.0)	(30, 0.09331428711929714)	(35, 0.09474323749817573)	(40, 0.0)	(45, 0.0)	(50, 0.0)	(55, 0.0)	(60, 0.00015875781534957874)	(65, 0.0)	(70, 0.0)	(75, 0.0)	(80, 0.0)	(85, 0.0)	(90, 0.00011944629475602896)	(95, 0.0)	(100, 0.0)	(105, 0.0)	(110, 0.00011997725231296145)	(115, 0.00016019986535201317)	(120, 0.0006818437053793458)	(125, 8.035139271060201e-05)	(130, 0.0)	(135, 0.0)	(140, 4.04694947019361e-05)	(145, 0.0)	(150, 0.0)
PID-2861-15_R2	(1, 0.0003965728177093557)	(2, 0.0)	(3, 0.0027760097239654903)	(4, 0.0)	(5, 0.0)	(6, 0.0)	(7, 0.0)	(8, 0.0)	(9, 0.0)	(10, 0.0)	(15, 0.0)	(20, 0.0)	(25, 0.0)	(30, 0.0003569182252756797)	(35, 3.965811531945405e-05)	(40, 0.0)	(45, 0.0)	(50, 0.0)	(55, 0.0)	(60, 0.00019844726918697347)	(65, 3.9703856872360436e-05)	(70, 0.0)	(75, 0.0)	(80, 0.0)	(85, 3.978734460057883e-05)	(90, 0.00023889258951205792)	(95, 0.0)	(100, 0.0)	(105, 0.0)	(110, 0.0)	(115, 4.004996633800329e-05)	(120, 0.0007219521586369543)	(125, 8.035139271060201e-05)	(130, 0.0)	(135, 4.0343321667389485e-05)	(140, 0.0)	(145, 0.0)	(150, 0.0003919570415082507)
PID-2861-16_R1	(1, 0.0008227382924340986)	(2, 0.022625303041937713)	(3, 0.0015083535361291808)	(4, 0.0)	(5, 0.0)	(6, 0.0)	(7, 0.0)	(8, 0.0)	(9, 0.0)	(10, 0.0)	(15, 0.0)	(20, 0.0)	(25, 0.0)	(30, 0.09329998082989811)	(35, 0.0845261012047849)	(40, 0.0)	(45, 0.0)	(50, 0.0)	(55, 0.0)	(60, 0.0)	(65, 0.0)	(70, 0.0)	(75, 0.0)	(80, 0.0)	(85, 0.0)	(90, 0.0)	(95, 0.0)	(100, 0.0)	(105, 0.0)	(110, 5.526455696062622e-05)	(115, 2.7668211659605743e-05)	(120, 0.00022163967926522012)	(125, 0.0)	(130, 0.0)	(135, 0.0)	(140, 0.0)	(145, 0.0)	(150, 0.0)
PID-2861-16_R2	(1, 0.0)	(2, 0.0)	(3, 0.0010969843899121315)	(4, 0.0)	(5, 0.0)	(6, 0.0)	(7, 0.0)	(8, 0.0)	(9, 0.0)	(10, 0.0)	(15, 0.0)	(20, 0.0)	(25, 0.0)	(30, 0.00019197526919732122)	(35, 0.0)	(40, 0.0)	(45, 0.0)	(50, 0.0)	(55, 0.0)	(60, 2.7451689829945016e-05)	(65, 2.7462085844283385e-05)	(70, 0.0)	(75, 0.0)	(80, 0.0)	(85, 2.7517477725977654e-05)	(90, 0.00011013479673108909)	(95, 0.0)	(100, 0.0)	(105, 0.0)	(110, 0.0)	(115, 2.7668211659605743e-05)	(120, 0.0003047545589896777)	(125, 0.0)	(130, 0.0)	(135, 0.0)	(140, 0.0)	(145, 0.0)	(150, 0.00018024497094000456)
PID-2861-17_R1	(1, 0.0)	(2, 0.024801858281963258)	(3, 0.0017481486013718596)	(4, 0.0)	(5, 0.0)	(6, 0.0)	(7, 0.0)	(8, 0.0)	(9, 0.0)	(10, 0.0)	(15, 0.0)	(20, 0.0)	(25, 0.0)	(30, 0.09549497536907059)	(35, 0.08571042072190377)	(40, 0.0)	(45, 0.0)	(50, 0.0)	(55, 0.0)	(60, 0.0)	(65, 0.0)	(70, 0.0)	(75, 0.0)	(80, 0.0)	(85, 0.0)	(90, 2.197979968489759e-05)	(95, 0.0)	(100, 0.0)	(105, 4.4119265846592464e-05)	(110, 4.417465510085847e-05)	(115, 2.212351692238871e-05)	(120, 0.0002880659804048657)	(125, 0.0)	(130, 0.0)	(135, 0.0)	(140, 6.708698901517642e-05)	(145, 0.0)	(150, 0.0)
PID-2861-17_R2	(1, 0.00010925928758574122)	(2, 0.0)	(3, 0.001529630026200377)	(4, 0.0)	(5, 0.0)	(6, 0.0)	(7, 0.0)	(8, 0.0)	(9, 0.0)	(10, 0.0)	(15, 0.0)	(20, 0.0)	(25, 0.0)	(30, 0.00026222876531552567)	(35, 0.0)	(40, 0.0)	(45, 0.0)	(50, 0.0)	(55, 0.0)	(60, 2.1883820547419393e-05)	(65, 2.1896744151215412e-05)	(70, 0.0)	(75, 0.0)	(80, 0.0)	(85, 2.196124455251329e-05)	(90, 0.00015385859779428314)	(95, 0.0)	(100, 0.0)	(105, 0.0)	(110, 0.0)	(115, 0.0)	(120, 0.00035454274511368083)	(125, 0.0)	(130, 0.0)	(135, 0.0)	(140, 0.0)	(145, 0.0)	(150, 0.00014423364696939867)
PID-2861-18_R1	(1, 0.00010166258999680779)	(2, 0.028668850379099796)	(3, 0.0026432273399170027)	(4, 0.0)	(5, 0.0)	(6, 0.0)	(7, 0.0)	(8, 0.0)	(9, 0.0)	(10, 0.0)	(15, 0.0)	(20, 0.0)	(25, 0.0)	(30, 0.09822859141297895)	(35, 0.09286572819480371)	(40, 0.0)	(45, 0.0)	(50, 0.0)	(55, 0.0)	(60, 4.0725027667565674e-05)	(65, 0.0)	(70, 0.0)	(75, 0.0)	(80, 0.0)	(85, 0.0)	(90, 0.0)	(95, 0.0)	(100, 0.0)	(105, 0.0)	(110, 4.109891934501475e-05)	(115, 2.0582852878090025e-05)	(120, 0.0004123394221434104)	(125, 0.0)	(130, 0.0)	(135, 0.0)	(140, 4.163962693392645e-05)	(145, 0.0)	(150, 0.0)
PID-2861-18_R2	(1, 0.00020332517999361558)	(2, 0.0)	(3, 0.0020332517999361558)	(4, 0.0)	(5, 0.0)	(6, 0.0)	(7, 0.0)	(8, 0.0)	(9, 0.0)	(10, 0.0)	(15, 0.0)	(20, 0.0)	(25, 0.0)	(30, 0.0003049945914292453)	(35, 0.0)	(40, 0.0)	(45, 0.0)	(50, 0.0)	(55, 0.0)	(60, 2.0362513833782837e-05)	(65, 2.0374765282703942e-05)	(70, 0.0)	(75, 0.0)	(80, 0.0)	(85, 4.086711017016861e-05)	(90, 0.00010225195618217373)	(95, 0.0)	(100, 0.0)	(105, 0.0)	(110, 0.0)	(115, 0.0)	(120, 0.0005772751910007746)	(125, 0.0)	(130, 0.0)	(135, 0.0)	(140, 0.0)	(145, 0.0)	(150, 0.00013431057709225658)
PID-2861-19_R1	(1, 0.00017859120116870084)	(2, 0.026877975775889473)	(3, 0.002321685615193111)	(4, 0.0)	(5, 0.0)	(6, 0.0)	(7, 0.0)	(8, 0.0)	(9, 0.0)	(10, 0.0)	(15, 0.0)	(20, 0.0)	(25, 0.0)	(30, 0.09099454086333549)	(35, 0.09355390717944972)	(40, 0.0)	(45, 0.0)	(50, 0.0)	(55, 0.0)	(60, 5.365827832763602e-05)	(65, 0.0)	(70, 0.0)	(75, 0.0)	(80, 0.0)	(85, 0.0)	(90, 5.389124423565778e-05)	(95, 0.0)	(100, 0.0)	(105, 0.0)	(110, 1.805441963165373e-05)	(115, 0.0)	(120, 0.0003622878623422055)	(125, 0.0)	(130, 0.0)	(135, 0.0)	(140, 1.8292460963430994e-05)	(145, 0.0)	(150, 0.0)
PID-2861-19_R2	(1, 8.929560058435042e-05)	(2, 0.0)	(3, 0.0017859120116870083)	(4, 0.0)	(5, 0.0)	(6, 0.0)	(7, 0.0)	(8, 0.0)	(9, 0.0)	(10, 0.0)	(15, 0.0)	(20, 0.0)	(25, 0.0)	(30, 0.0003571915244880686)	(35, 1.786061610909693e-05)	(40, 0.0)	(45, 0.0)	(50, 0.0)	(55, 0.0)	(60, 0.0001252026494311507)	(65, 1.7896166086443134e-05)	(70, 0.0)	(75, 0.0)	(80, 0.0)	(85, 1.7948307438711914e-05)	(90, 0.00023352872502118376)	(95, 0.0)	(100, 0.0)	(105, 0.0)	(110, 0.0)	(115, 1.808437300393733e-05)	(120, 0.00047097422104486723)	(125, 0.0)	(130, 0.0)	(135, 0.0)	(140, 0.0)	(145, 0.0)	(150, 0.00011811256127089117)
PID-2861-1_R1	(1, 0.00020230588244814394)	(2, 0.025288235306017995)	(3, 0.0022253647069295835)	(4, 0.0)	(5, 0.0)	(6, 0.0)	(7, 0.0)	(8, 0.0)	(9, 0.0)	(10, 0.0)	(15, 0.0)	(20, 0.0)	(25, 0.0)	(30, 0.09613834210319212)	(35, 0.09343281425989497)	(40, 0.0)	(45, 0.0)	(50, 0.0)	(55, 0.0)	(60, 2.02602140856302e-05)	(65, 0.0)	(70, 0.0)	(75, 0.0)	(80, 0.0)	(85, 0.0)	(90, 0.0)	(95, 0.0)	(100, 0.0)	(105, 0.0)	(110, 0.0)	(115, 2.0482149806443686e-05)	(120, 0.00024618949944340656)	(125, 0.0)	(130, 0.0)	(135, 0.0)	(140, 2.0711120463332616e-05)	(145, 0.0)	(150, 0.0)
PID-2861-1_R2	(1, 0.0)	(2, 0.0)	(3, 0.0013149882359129355)	(4, 0.0)	(5, 0.0)	(6, 0.0)	(7, 0.0)	(8, 0.0)	(9, 0.0)	(10, 0.0)	(15, 0.0)	(20, 0.0)	(25, 0.0)	(30, 0.00022254245857220402)	(35, 0.0)	(40, 0.0)	(45, 0.0)	(50, 0.0)	(55, 0.0)	(60, 2.02602140856302e-05)	(65, 0.0)	(70, 0.0)	(75, 0.0)	(80, 0.0)	(85, 0.0)	(90, 0.00014244211305142142)	(95, 0.0)	(100, 0.0)	(105, 0.0)	(110, 0.0)	(115, 2.0482149806443686e-05)	(120, 0.00032825266592454214)	(125, 0.0)	(130, 0.0)	(135, 0.0)	(140, 0.0)	(145, 0.0)	(150, 6.691308525530019e-05)
PID-2861-20_R1	(1, 0.00028889710640658226)	(2, 0.029563803888940247)	(3, 0.0012518874610951897)	(4, 0.0)	(5, 0.0)	(6, 0.0)	(7, 0.0)	(8, 0.0)	(9, 0.0)	(10, 0.0)	(15, 0.0)	(20, 0.0)	(25, 0.0)	(30, 0.09445200407160556)	(35, 0.09081560502935472)	(40, 0.0)	(45, 0.0)	(50, 0.0)	(55, 0.0)	(60, 1.92831005991645e-05)	(65, 0.0)	(70, 0.0)	(75, 0.0)	(80, 0.0)	(85, 0.0)	(90, 1.9360012204551695e-05)	(95, 0.0)	(100, 0.0)	(105, 0.0)	(110, 0.0)	(115, 0.0)	(120, 0.00033166447573015933)	(125, 0.0)	(130, 0.0)	(135, 0.0)	(140, 0.0)	(145, 0.0)	(150, 0.0)
PID-2861-20_R2	(1, 0.0)	(2, 0.0)	(3, 0.0019259807093772148)	(4, 0.0)	(5, 0.0)	(6, 0.0)	(7, 0.0)	(8, 0.0)	(9, 0.0)	(10, 0.0)	(15, 0.0)	(20, 0.0)	(25, 0.0)	(30, 0.0002696427522435722)	(35, 0.0)	(40, 0.0)	(45, 0.0)	(50, 0.0)	(55, 0.0)	(60, 3.8566201198329e-05)	(65, 0.0)	(70, 0.0)	(75, 0.0)	(80, 0.0)	(85, 0.0)	(90, 0.00011616007322731016)	(95, 0.0)	(100, 0.0)	(105, 0.0)	(110, 0.0)	(115, 1.9480164030773203e-05)	(120, 0.0004682322010308132)	(125, 0.0)	(130, 0.0)	(135, 0.0)	(140, 0.0)	(145, 0.0)	(150, 6.348710545144728e-05)
PID-2861-21_R1	(1, 0.00018586876921418402)	(2, 0.02750857784369923)	(3, 0.0017657533075347482)	(4, 0.0)	(5, 0.0)	(6, 0.0)	(7, 0.0)	(8, 0.0)	(9, 0.0)	(10, 0.0)	(15, 0.0)	(20, 0.0)	(25, 0.0)	(30, 0.09841958042218005)	(35, 0.09333199497371611)	(40, 1.859073664492604e-05)	(45, 0.0)	(50, 0.0)	(55, 0.0)	(60, 3.723226510862048e-05)	(65, 0.0)	(70, 0.0)	(75, 1.865138894095735e-05)	(80, 0.0)	(85, 0.0)	(90, 7.47882883784048e-05)	(95, 0.0)	(100, 0.0)	(105, 3.752919771582291e-05)	(110, 7.515720067987204e-05)	(115, 0.00020701942651478466)	(120, 0.000433568044451658)	(125, 5.666091558373492e-05)	(130, 0.0)	(135, 0.0)	(140, 0.00022838167602460584)	(145, 0.0)	(150, 0.0)
PID-2861-21_R2	(1, 0.00018586876921418402)	(2, 0.0)	(3, 0.0017657533075347482)	(4, 0.0)	(5, 0.0)	(6, 0.0)	(7, 0.0)	(8, 0.0)	(9, 0.0)	(10, 0.0)	(15, 0.0)	(20, 0.0)	(25, 0.0)	(30, 0.0003159835443205025)	(35, 0.0)	(40, 0.0)	(45, 0.0)	(50, 0.0)	(55, 0.0)	(60, 9.308066277155119e-05)	(65, 3.725613068258447e-05)	(70, 0.0)	(75, 0.0)	(80, 0.0)	(85, 3.736335055098799e-05)	(90, 0.00022436486513521443)	(95, 0.0)	(100, 0.0)	(105, 0.0)	(110, 0.0)	(115, 0.00011291968718988255)	(120, 0.0005655235362412931)	(125, 0.0)	(130, 0.00015139824798162478)	(135, 1.8970029818989874e-05)	(140, 0.0)	(145, 0.0)	(150, 0.00012291467570499248)
PID-2861-22_R1	(1, 9.93681181367683e-05)	(2, 0.027226864369474513)	(3, 0.0017886261264618293)	(4, 0.0)	(5, 0.0)	(6, 0.0)	(7, 0.0)	(8, 0.0)	(9, 0.0)	(10, 0.0)	(15, 0.0)	(20, 0.0)	(25, 0.0)	(30, 0.09330779409245402)	(35, 0.08770763485719635)	(40, 0.0)	(45, 0.0)	(50, 0.0)	(55, 0.0)	(60, 1.9896969512470523e-05)	(65, 0.0)	(70, 0.0)	(75, 0.0)	(80, 0.0)	(85, 0.0)	(90, 1.9972334322496476e-05)	(95, 0.0)	(100, 0.0)	(105, 6.011798756238995e-05)	(110, 2.006402430154623e-05)	(115, 0.0)	(120, 0.0003018716646954447)	(125, 0.0)	(130, 0.0)	(135, 0.0)	(140, 0.00010149141636346106)	(145, 0.0)	(150, 0.0)
PID-2861-22_R2	(1, 0.0)	(2, 0.0)	(3, 0.0012917855357779877)	(4, 0.0)	(5, 0.0)	(6, 0.0)	(7, 0.0)	(8, 0.0)	(9, 0.0)	(10, 0.0)	(15, 0.0)	(20, 0.0)	(25, 0.0)	(30, 0.00021861251012076553)	(35, 1.9874832281259088e-05)	(40, 0.0)	(45, 0.0)	(50, 0.0)	(55, 0.0)	(60, 5.969090853741158e-05)	(65, 1.9907157001177908e-05)	(70, 0.0)	(75, 0.0)	(80, 1.9940274888653505e-05)	(85, 1.9957287413477677e-05)	(90, 7.98893372899859e-05)	(95, 0.0)	(100, 0.0)	(105, 0.0)	(110, 0.0)	(115, 0.00010047375384412583)	(120, 0.0004427451082199855)	(125, 0.0)	(130, 0.0)	(135, 0.0)	(140, 0.0)	(145, 0.0)	(150, 6.545967749326093e-05)
PID-2861-23_R1	(1, 0.00023793406609094554)	(2, 0.027124483534367794)	(3, 0.0022603736278639826)	(4, 0.0)	(5, 0.0)	(6, 0.0)	(7, 0.0)	(8, 0.0)	(9, 0.0)	(10, 0.0)	(15, 0.0)	(20, 0.0)	(25, 0.0)	(30, 0.09546119152793822)	(35, 0.09349159087280313)	(40, 0.0)	(45, 0.0)	(50, 0.0)	(55, 0.0)	(60, 0.00014294294265677088)	(65, 0.0)	(70, 0.0)	(75, 0.0)	(80, 0.0)	(85, 0.0)	(90, 0.00014343806702860873)	(95, 0.0)	(100, 0.0)	(105, 0.0)	(110, 7.20386530596857e-05)	(115, 0.0)	(120, 0.0006502420345350769)	(125, 0.0)	(130, 2.416694720464547e-05)	(135, 0.0)	(140, 2.4293248663263994e-05)	(145, 0.0)	(150, 0.0)
PID-2861-23_R2	(1, 0.0007138021982728366)	(2, 0.0)	(3, 0.002617274727000401)	(4, 0.0)	(5, 0.0)	(6, 0.0)	(7, 0.0)	(8, 0.0)	(9, 0.0)	(10, 0.0)	(15, 0.0)	(20, 0.0)	(25, 0.0)	(30, 0.00040449657427092466)	(35, 0.0)	(40, 0.0)	(45, 0.0)	(50, 0.0)	(55, 0.0)	(60, 0.0001191191188806424)	(65, 2.3834890943456488e-05)	(70, 0.0)	(75, 0.0)	(80, 0.0)	(85, 4.7778479855995666e-05)	(90, 0.00031078247856198557)	(95, 0.0)	(100, 0.0)	(105, 2.398470926814737e-05)	(110, 0.0)	(115, 0.0)	(120, 0.0006261589962189629)	(125, 2.412413119957001e-05)	(130, 2.416694720464547e-05)	(135, 4.8438699614670144e-05)	(140, 0.0)	(145, 0.0)	(150, 0.000234860684556266)
PID-2861-24_R1	(1, 0.00010317883678242988)	(2, 0.030231399177251955)	(3, 0.0018572190620837381)	(4, 0.0)	(5, 0.0)	(6, 0.0)	(7, 0.0)	(8, 0.0)	(9, 0.0)	(10, 0.0)	(15, 0.0)	(20, 0.0)	(25, 0.0)	(30, 0.09736121796035883)	(35, 0.08849210525772706)	(40, 0.0)	(45, 0.0)	(50, 0.0)	(55, 0.0)	(60, 6.197822085319219e-05)	(65, 0.0)	(70, 0.0)	(75, 0.0)	(80, 0.0)	(85, 0.0)	(90, 4.147091530664528e-05)	(95, 0.0)	(100, 0.0)	(105, 0.0)	(110, 0.0)	(115, 0.0)	(120, 0.0004385633333486482)	(125, 0.0)	(130, 0.0)	(135, 0.0)	(140, 0.0)	(145, 0.0)	(150, 0.0)
PID-2861-24_R2	(1, 0.00020635767356485976)	(2, 0.0)	(3, 0.001650861388518878)	(4, 0.0)	(5, 0.0)	(6, 0.0)	(7, 0.0)	(8, 0.0)	(9, 0.0)	(10, 0.0)	(15, 0.0)	(20, 0.0)	(25, 0.0)	(30, 0.00033017793288803334)	(35, 0.0)	(40, 0.0)	(45, 0.0)	(50, 0.0)	(55, 0.0)	(60, 4.131881390212813e-05)	(65, 0.0)	(70, 0.0)	(75, 0.0)	(80, 0.0)	(85, 0.0)	(90, 0.0001658836612265811)	(95, 0.0)	(100, 0.0)	(105, 0.0)	(110, 0.0)	(115, 0.0)	(120, 0.0005220992063674384)	(125, 0.0)	(130, 2.095995328445612e-05)	(135, 2.1004176050282318e-05)	(140, 0.0)	(145, 0.0)	(150, 0.0)
PID-2861-25_R1	(1, 0.00010136652208421733)	(2, 0.028686725749833504)	(3, 0.0023314300079369985)	(4, 0.0)	(5, 0.0)	(6, 0.0)	(7, 0.0)	(8, 0.0)	(9, 0.0)	(10, 0.0)	(15, 0.0)	(20, 0.0)	(25, 0.0)	(30, 0.0967265042380441)	(35, 0.09188561983967054)	(40, 0.0)	(45, 0.0)	(50, 0.0)	(55, 0.0)	(60, 6.090401040727729e-05)	(65, 0.0)	(70, 0.0)	(75, 0.0)	(80, 0.0)	(85, 0.0)	(90, 4.077170231846247e-05)	(95, 0.0)	(100, 0.0)	(105, 0.0)	(110, 2.0483249003797186e-05)	(115, 8.205798134904142e-05)	(120, 0.0004725619246173327)	(125, 4.1167451283981925e-05)	(130, 0.0)	(135, 0.0)	(140, 6.220156208856258e-05)	(145, 0.0)	(150, 0.0)
PID-2861-25_R2	(1, 0.00020273304416843467)	(2, 0.0)	(3, 0.0019259639196001295)	(4, 0.0)	(5, 0.0)	(6, 0.0)	(7, 0.0)	(8, 0.0)	(9, 0.0)	(10, 0.0)	(15, 0.0)	(20, 0.0)	(25, 0.0)	(30, 0.0002838337999020368)	(35, 0.0)	(40, 0.0)	(45, 0.0)	(50, 0.0)	(55, 0.0)	(60, 4.060267360485153e-05)	(65, 2.0312540942465336e-05)	(70, 0.0)	(75, 0.0)	(80, 0.0)	(85, 2.0369577465706798e-05)	(90, 0.00016308680927384987)	(95, 0.0)	(100, 0.0)	(105, 0.0)	(110, 0.0)	(115, 0.0)	(120, 0.0006574774603371585)	(125, 0.0)	(130, 2.0622834344608387e-05)	(135, 0.0)	(140, 0.0)	(145, 0.0)	(150, 6.698654977067155e-05)
PID-2861-26_R1	(1, 0.000505973438081079)	(2, 0.027491223469071954)	(3, 0.0016865781269369297)	(4, 0.0)	(5, 0.0)	(6, 0.0)	(7, 0.0)	(8, 0.0)	(9, 0.0)	(10, 0.0)	(15, 0.0)	(20, 0.0)	(25, 0.0)	(30, 0.09996552563954662)	(35, 0.09627759252043876)	(40, 0.0)	(45, 0.0)	(50, 0.0)	(55, 0.0)	(60, 1.6890585154053958e-05)	(65, 0.0)	(70, 0.0)	(75, 0.0)	(80, 0.0)	(85, 0.0)	(90, 0.0)	(95, 0.0)	(100, 0.0)	(105, 3.4033533580972664e-05)	(110, 3.408006156222321e-05)	(115, 5.120069032184071e-05)	(120, 0.00029060623880311254)	(125, 0.0)	(130, 0.0)	(135, 0.0)	(140, 6.904904277312003e-05)	(145, 0.0)	(150, 0.0)
PID-2861-26_R2	(1, 0.0)	(2, 0.0)	(3, 0.0015179203142432365)	(4, 0.0)	(5, 0.0)	(6, 0.0)	(7, 0.0)	(8, 0.0)	(9, 0.0)	(10, 0.0)	(15, 0.0)	(20, 0.0)	(25, 0.0)	(30, 0.0002361257565300578)	(35, 0.0)	(40, 0.0)	(45, 0.0)	(50, 0.0)	(55, 0.0)	(60, 8.44529257702698e-05)	(65, 3.3798610640512396e-05)	(70, 0.0)	(75, 0.0)	(80, 0.0)	(85, 3.388181784762025e-05)	(90, 0.00011868071801156222)	(95, 0.0)	(100, 0.0)	(105, 0.0)	(110, 0.0)	(115, 8.533448386973453e-05)	(120, 0.0003418896927095442)	(125, 0.0)	(130, 1.7163498456486584e-05)	(135, 1.7204712508393746e-05)	(140, 0.0)	(145, 0.0)	(150, 0.00011141806788814295)
PID-2861-27_R1	(1, 8.284482501516061e-05)	(2, 0.02626180952980591)	(3, 0.0013255172002425697)	(4, 0.0)	(5, 0.0)	(6, 0.0)	(7, 0.0)	(8, 0.0)	(9, 0.0)	(10, 0.0)	(15, 0.0)	(20, 0.0)	(25, 0.0)	(30, 0.09456193483627215)	(35, 0.08904961491924057)	(40, 0.0)	(45, 0.0)	(50, 0.0)	(55, 0.0)	(60, 3.318575627517762e-05)	(65, 0.0)	(70, 0.0)	(75, 0.0)	(80, 0.0)	(85, 0.0)	(90, 1.666019418122726e-05)	(95, 0.0)	(100, 0.0)	(105, 1.6717689053658433e-05)	(110, 0.0)	(115, 1.6766303217923045e-05)	(120, 0.00035266485318562164)	(125, 0.0)	(130, 0.0)	(135, 0.0)	(140, 5.0849120996669885e-05)	(145, 0.0)	(150, 0.0)
PID-2861-27_R2	(1, 0.0)	(2, 0.0)	(3, 0.0019882758003638545)	(4, 0.0)	(5, 0.0)	(6, 0.0)	(7, 0.0)	(8, 0.0)	(9, 0.0)	(10, 0.0)	(15, 0.0)	(20, 0.0)	(25, 0.0)	(30, 0.0002651114346207034)	(35, 0.0)	(40, 0.0)	(45, 0.0)	(50, 0.0)	(55, 0.0)	(60, 6.637151255035525e-05)	(65, 0.0)	(70, 0.0)	(75, 0.0)	(80, 0.0)	(85, 0.0)	(90, 0.00013328155344981808)	(95, 0.0)	(100, 0.0)	(105, 0.0)	(110, 0.0)	(115, 3.353260643584609e-05)	(120, 0.00048701336868490607)	(125, 0.0)	(130, 0.0)	(135, 0.0)	(140, 0.0)	(145, 0.0)	(150, 0.0)
PID-2861-28_R1	(1, 0.0003075636041533389)	(2, 0.026963075964109375)	(3, 0.002255466430457819)	(4, 0.0)	(5, 0.0)	(6, 0.0)	(7, 0.0)	(8, 0.0)	(9, 0.0)	(10, 0.0)	(15, 0.0)	(20, 0.0)	(25, 0.0)	(30, 0.1003907570787684)	(35, 0.08696445653366361)	(40, 0.0)	(45, 0.0)	(50, 0.0)	(55, 0.0)	(60, 2.053086240298141e-05)	(65, 0.0)	(70, 0.0)	(75, 0.0)	(80, 0.0)	(85, 0.0)	(90, 2.0613668923863414e-05)	(95, 0.0)	(100, 0.0)	(105, 0.0)	(110, 0.0)	(115, 0.0)	(120, 0.0003116242061373349)	(125, 0.0)	(130, 0.0)	(135, 0.0)	(140, 0.0)	(145, 0.0)	(150, 0.0)
PID-2861-28_R2	(1, 0.0)	(2, 0.0)	(3, 0.0016403392221511408)	(4, 0.0)	(5, 0.0)	(6, 0.0)	(7, 0.0)	(8, 0.0)	(9, 0.0)	(10, 0.0)	(15, 0.0)	(20, 0.0)	(25, 0.0)	(30, 0.0002460557771538441)	(35, 0.0)	(40, 0.0)	(45, 0.0)	(50, 0.0)	(55, 0.0)	(60, 6.159258720894423e-05)	(65, 0.0)	(70, 0.0)	(75, 0.0)	(80, 0.0)	(85, 0.0)	(90, 0.00016490935139090731)	(95, 0.0)	(100, 0.0)	(105, 0.0)	(110, 0.0)	(115, 0.0)	(120, 0.0004362738885922688)	(125, 0.0)	(130, 0.0)	(135, 0.0)	(140, 0.0)	(145, 0.0)	(150, 0.0)
PID-2861-29_R1	(1, 0.00022656163269374984)	(2, 0.026054587759781235)	(3, 0.0018124930615499987)	(4, 0.0)	(5, 0.0)	(6, 0.0)	(7, 0.0)	(8, 0.0)	(9, 0.0)	(10, 0.0)	(15, 0.0)	(20, 0.0)	(25, 0.0)	(30, 0.09685659016770803)	(35, 0.09063167558935513)	(40, 0.0)	(45, 0.0)	(50, 0.0)	(55, 0.0)	(60, 4.537334778625705e-05)	(65, 0.0)	(70, 0.0)	(75, 0.0)	(80, 0.0)	(85, 0.0)	(90, 6.833361198261775e-05)	(95, 0.0)	(100, 0.0)	(105, 4.570927075429439e-05)	(110, 6.865010551521217e-05)	(115, 0.0)	(120, 0.0003213929722376159)	(125, 0.0)	(130, 0.0)	(135, 2.3097013925651637e-05)	(140, 9.26748844575878e-05)	(145, 0.0)	(150, 0.0)
PID-2861-29_R2	(1, 0.0)	(2, 0.0)	(3, 0.001585931428856249)	(4, 0.0)	(5, 0.0)	(6, 0.0)	(7, 0.0)	(8, 0.0)	(9, 0.0)	(10, 0.0)	(15, 0.0)	(20, 0.0)	(25, 0.0)	(30, 0.0001812520985594536)	(35, 0.0)	(40, 0.0)	(45, 0.0)	(50, 0.0)	(55, 0.0)	(60, 4.537334778625705e-05)	(65, 0.0)	(70, 0.0)	(75, 0.0)	(80, 2.27388075041703e-05)	(85, 2.2759674227126983e-05)	(90, 0.0001366672239652355)	(95, 0.0)	(100, 0.0)	(105, 0.0)	(110, 0.0)	(115, 0.00011459938918525563)	(120, 0.00034434961311173134)	(125, 0.0)	(130, 0.0)	(135, 2.3097013925651637e-05)	(140, 0.0)	(145, 0.0)	(150, 7.488813584707842e-05)
PID-2861-2_R1	(1, 0.0001048407050327732)	(2, 0.02799246824375045)	(3, 0.002201654805688237)	(4, 0.0)	(5, 0.0)	(6, 0.0)	(7, 0.0)	(8, 0.0)	(9, 0.0)	(10, 0.0)	(15, 0.0)	(20, 0.0)	(25, 0.0)	(30, 0.0980721905263564)	(35, 0.09046600688414018)	(40, 0.0)	(45, 0.0)	(50, 0.0)	(55, 0.0)	(60, 0.0)	(65, 0.0)	(70, 0.0)	(75, 0.0)	(80, 0.0)	(85, 0.0)	(90, 0.0)	(95, 0.0)	(100, 0.0)	(105, 2.1164487006698138e-05)	(110, 2.1190611457212657e-05)	(115, 2.122549649089479e-05)	(120, 0.00034017018714462845)	(125, 0.0)	(130, 0.0)	(135, 0.0)	(140, 8.584857127588361e-05)	(145, 0.0)	(150, 0.0)
PID-2861-2_R2	(1, 0.0)	(2, 0.0)	(3, 0.0018871326905899176)	(4, 0.0)	(5, 0.0)	(6, 0.0)	(7, 0.0)	(8, 0.0)	(9, 0.0)	(10, 0.0)	(15, 0.0)	(20, 0.0)	(25, 0.0)	(30, 0.0003145355693597062)	(35, 0.0)	(40, 0.0)	(45, 0.0)	(50, 0.0)	(55, 0.0)	(60, 2.100022827248132e-05)	(65, 0.0)	(70, 0.0)	(75, 0.0)	(80, 0.0)	(85, 0.0)	(90, 0.00012654308749948328)	(95, 0.0)	(100, 0.0)	(105, 0.0)	(110, 0.0)	(115, 4.245099298178958e-05)	(120, 0.000531515917413482)	(125, 0.0)	(130, 0.0)	(135, 0.0)	(140, 0.0)	(145, 0.0)	(150, 6.938142298523286e-05)
PID-2861-30_R1	(1, 0.00038557239507289886)	(2, 0.02776121244524872)	(3, 0.0016708137119825618)	(4, 0.0)	(5, 0.0)	(6, 0.0)	(7, 0.0)	(8, 0.0)	(9, 0.0)	(10, 0.0)	(15, 0.0)	(20, 0.0)	(25, 0.0)	(30, 0.09621425317895183)	(35, 0.08549880170576021)	(40, 0.0)	(45, 0.0)	(50, 0.0)	(55, 0.0)	(60, 0.0)	(65, 0.0)	(70, 0.0)	(75, 0.0)	(80, 0.0)	(85, 0.0)	(90, 0.0)	(95, 0.0)	(100, 0.0)	(105, 0.0)	(110, 2.5922672150521548e-05)	(115, 2.5959549311072503e-05)	(120, 0.00038993996484301273)	(125, 2.6041049548044565e-05)	(130, 0.0)	(135, 0.0)	(140, 5.2438522387316166e-05)	(145, 0.0)	(150, 0.0)
PID-2861-30_R2	(1, 0.0)	(2, 0.0)	(3, 0.0016708137119825618)	(4, 0.0)	(5, 0.0)	(6, 0.0)	(7, 0.0)	(8, 0.0)	(9, 0.0)	(10, 0.0)	(15, 0.0)	(20, 0.0)	(25, 0.0)	(30, 0.00025705117066244143)	(35, 0.0)	(40, 0.0)	(45, 0.0)	(50, 0.0)	(55, 0.0)	(60, 7.719770280222515e-05)	(65, 0.0)	(70, 0.0)	(75, 0.0)	(80, 0.0)	(85, 2.5797850110363205e-05)	(90, 0.0001290772935486136)	(95, 0.0)	(100, 0.0)	(105, 0.0)	(110, 0.0)	(115, 7.78786479332175e-05)	(120, 0.0004939239554678161)	(125, 0.0)	(130, 2.608865341850061e-05)	(135, 0.0)	(140, 0.0)	(145, 0.0)	(150, 8.465787635717158e-05)
PID-2861-31_R1	(1, 0.000378734081333144)	(2, 0.03560100364531553)	(3, 0.001514936325332576)	(4, 0.0)	(5, 0.0)	(6, 0.0)	(7, 0.0)	(8, 0.0)	(9, 0.0)	(10, 0.0)	(15, 0.0)	(20, 0.0)	(25, 0.0)	(30, 0.08461105238499772)	(35, 0.08423751038765162)	(40, 0.0)	(45, 0.0)	(50, 0.0)	(55, 0.0)	(60, 3.792783546601552e-05)	(65, 0.0)	(70, 0.0)	(75, 0.0)	(80, 0.0)	(85, 0.0)	(90, 0.0)	(95, 0.0)	(100, 0.0)	(105, 0.0)	(110, 0.0)	(115, 3.8228637837176584e-05)	(120, 0.00034442430625290847)	(125, 0.0)	(130, 0.0)	(135, 0.0)	(140, 7.707200374878226e-05)	(145, 0.0)	(150, 0.0)
PID-2861-31_R2	(1, 0.0)	(2, 0.0)	(3, 0.0017043033659991478)	(4, 0.0)	(5, 0.0)	(6, 0.0)	(7, 0.0)	(8, 0.0)	(9, 0.0)	(10, 0.0)	(15, 0.0)	(20, 0.0)	(25, 0.0)	(30, 0.00015149696040286072)	(35, 0.0)	(40, 0.0)	(45, 0.0)	(50, 0.0)	(55, 0.0)	(60, 3.792783546601552e-05)	(65, 0.0)	(70, 0.0)	(75, 0.0)	(80, 0.0)	(85, 0.0)	(90, 7.607996460760046e-05)	(95, 0.0)	(100, 0.0)	(105, 0.0)	(110, 0.0)	(115, 3.8228637837176584e-05)	(120, 0.0005357711430600798)	(125, 0.0)	(130, 0.0)	(135, 0.0)	(140, 0.0)	(145, 0.0)	(150, 0.000124067939603727)
PID-2861-32_R1	(1, 0.0002616434610720318)	(2, 0.031004750137035766)	(3, 0.0027472563412563335)	(4, 0.0)	(5, 0.0)	(6, 0.0)	(7, 0.0)	(8, 0.0)	(9, 0.0)	(10, 0.0)	(15, 0.0)	(20, 0.0)	(25, 0.0)	(30, 0.09691423404264227)	(35, 0.08925046097038879)	(40, 0.0)	(45, 0.0)	(50, 0.0)	(55, 0.0)	(60, 7.858074787393238e-05)	(65, 0.0)	(70, 0.0)	(75, 0.0)	(80, 0.0)	(85, 0.0)	(90, 0.00010516543706361273)	(95, 0.0)	(100, 0.0)	(105, 0.0)	(110, 0.0)	(115, 0.00015865741975967101)	(120, 0.0006090833930499878)	(125, 2.6527098757735966e-05)	(130, 0.0)	(135, 0.0)	(140, 8.015246066718374e-05)	(145, 2.692516983724004e-05)	(150, 0.0)
PID-2861-32_R2	(1, 0.0006541086526800794)	(2, 0.0)	(3, 0.003139721532864381)	(4, 0.0)	(5, 0.0)	(6, 0.0)	(7, 0.0)	(8, 0.0)	(9, 0.0)	(10, 0.0)	(15, 0.0)	(20, 0.0)	(25, 0.0)	(30, 0.00047096550020722487)	(35, 0.0)	(40, 0.0)	(45, 0.0)	(50, 0.0)	(55, 2.6185221689323868e-05)	(60, 0.00013096791312322063)	(65, 0.0)	(70, 0.0)	(75, 0.0)	(80, 0.0)	(85, 0.0)	(90, 0.0003154963111908382)	(95, 0.0)	(100, 0.0)	(105, 2.6373672744919115e-05)	(110, 0.0)	(115, 0.0)	(120, 0.0007150109396673769)	(125, 2.6527098757735966e-05)	(130, 5.3151526764318424e-05)	(135, 0.0)	(140, 0.0)	(145, 0.0)	(150, 0.00017250138216732462)
PID-2861-33_R1	(1, 0.00024360990907666162)	(2, 0.028339952755918302)	(3, 0.0021924891816899545)	(4, 0.0)	(5, 0.0)	(6, 0.0)	(7, 0.0)	(8, 0.0)	(9, 0.0)	(10, 0.0)	(15, 0.0)	(20, 0.0)	(25, 0.0)	(30, 0.09983367550498673)	(35, 0.09204349221487794)	(40, 0.0)	(45, 0.0)	(50, 0.0)	(55, 0.0)	(60, 3.252812137413097e-05)	(65, 0.0)	(70, 0.0)	(75, 0.0)	(80, 0.0)	(85, 0.0)	(90, 4.900710782756228e-05)	(95, 0.0)	(100, 0.0)	(105, 3.279001911166264e-05)	(110, 3.283344953638348e-05)	(115, 3.288807268000958e-05)	(120, 0.0003953366744773114)	(125, 0.0)	(130, 0.0)	(135, 0.0)	(140, 6.652242387755882e-05)	(145, 0.0)	(150, 0.0)
PID-2861-33_R2	(1, 0.0)	(2, 0.0)	(3, 0.0016240660605110772)	(4, 0.0)	(5, 0.0)	(6, 0.0)	(7, 0.0)	(8, 0.0)	(9, 0.0)	(10, 0.0)	(15, 0.0)	(20, 0.0)	(25, 0.0)	(30, 0.00022737456597849592)	(35, 0.0)	(40, 0.0)	(45, 0.0)	(50, 0.0)	(55, 0.0)	(60, 4.879218206119646e-05)	(65, 3.2545631416167826e-05)	(70, 0.0)	(75, 0.0)	(80, 0.0)	(85, 3.264238117030771e-05)	(90, 0.00011434991826431199)	(95, 0.0)	(100, 0.0)	(105, 0.0)	(110, 0.0)	(115, 6.577614536001916e-05)	(120, 0.0005435879274063032)	(125, 0.0)	(130, 0.0)	(135, 0.0)	(140, 0.0)	(145, 0.0)	(150, 0.00010737459452668741)
PID-2861-34_R1	(1, 0.00011377107893664999)	(2, 0.0293529383656557)	(3, 0.00216165049979635)	(4, 0.0)	(5, 0.0)	(6, 0.0)	(7, 0.0)	(8, 0.0)	(9, 0.0)	(10, 0.0)	(15, 0.0)	(20, 0.0)	(25, 0.0)	(30, 0.09641156474581547)	(35, 0.08899882578895149)	(40, 0.0)	(45, 0.0)	(50, 0.0)	(55, 0.0)	(60, 6.836184288033055e-05)	(65, 0.0)	(70, 0.0)	(75, 0.0)	(80, 0.0)	(85, 0.0)	(90, 4.572998547158362e-05)	(95, 0.0)	(100, 0.0)	(105, 4.589260075892594e-05)	(110, 2.297528571490933e-05)	(115, 0.0)	(120, 0.0005530257189219133)	(125, 0.0)	(130, 0.0)	(135, 2.317752781071562e-05)	(140, 6.975425343998914e-05)	(145, 0.0)	(150, 0.0)
PID-2861-34_R2	(1, 0.00022754215787329997)	(2, 0.0)	(3, 0.0019341083419230497)	(4, 0.0)	(5, 0.0)	(6, 0.0)	(7, 0.0)	(8, 0.0)	(9, 0.0)	(10, 0.0)	(15, 0.0)	(20, 0.0)	(25, 0.0)	(30, 0.0002503014425782323)	(35, 0.0)	(40, 0.0)	(45, 0.0)	(50, 0.0)	(55, 0.0)	(60, 9.114912384044073e-05)	(65, 2.2798388153957517e-05)	(70, 0.0)	(75, 0.0)	(80, 4.566707378862949e-05)	(85, 2.2849632509360352e-05)	(90, 0.00016005494915054264)	(95, 0.0)	(100, 0.0)	(105, 0.0)	(110, 0.0)	(115, 9.203711028323731e-05)	(120, 0.0006451966720755653)	(125, 0.0)	(130, 0.0)	(135, 0.0)	(140, 0.0)	(145, 0.0)	(150, 7.49332532047079e-05)
PID-2861-35_R1	(1, 0.00023184884382777804)	(2, 0.028749256634644477)	(3, 0.0013910930629666683)	(4, 0.0)	(5, 0.0)	(6, 0.0)	(7, 0.0)	(8, 0.0)	(9, 0.0)	(10, 0.0)	(15, 0.0)	(20, 0.0)	(25, 0.0)	(30, 0.10113389599206508)	(35, 0.0872944696345086)	(40, 0.0)	(45, 0.0)	(50, 0.0)	(55, 0.0)	(60, 4.641611864702584e-05)	(65, 0.0)	(70, 0.0)	(75, 0.0)	(80, 0.0)	(85, 0.0)	(90, 4.656489598217123e-05)	(95, 0.0)	(100, 0.0)	(105, 4.670600090376112e-05)	(110, 0.0)	(115, 0.0)	(120, 0.00030476712041020715)	(125, 0.0)	(130, 0.0)	(135, 0.0)	(140, 0.00011822538961177146)	(145, 0.0)	(150, 0.0)
PID-2861-35_R2	(1, 0.00011592442191388902)	(2, 0.0)	(3, 0.0015070174848805572)	(4, 0.0)	(5, 0.0)	(6, 0.0)	(7, 0.0)	(8, 0.0)	(9, 0.0)	(10, 0.0)	(15, 0.0)	(20, 0.0)	(25, 0.0)	(30, 0.00013911127371673326)	(35, 0.0)	(40, 0.0)	(45, 0.0)	(50, 0.0)	(55, 0.0)	(60, 4.641611864702584e-05)	(65, 0.0)	(70, 0.0)	(75, 0.0)	(80, 0.0)	(85, 0.0)	(90, 0.00011641223995542808)	(95, 0.0)	(100, 0.0)	(105, 0.0)	(110, 0.0)	(115, 9.36481064704052e-05)	(120, 0.0005392033668795973)	(125, 0.0)	(130, 0.0)	(135, 0.0)	(140, 0.0)	(145, 0.0)	(150, 0.0)
PID-2861-36_R1	(1, 0.000187185645107248)	(2, 0.029762517572052432)	(3, 0.002152634918733352)	(4, 0.0)	(5, 0.0)	(6, 0.0)	(7, 0.0)	(8, 0.0)	(9, 0.0)	(10, 0.0)	(15, 0.0)	(20, 0.0)	(25, 0.0)	(30, 0.09825508772855913)	(35, 0.08944165420261586)	(40, 0.0)	(45, 0.0)	(50, 0.0)	(55, 0.0)	(60, 9.369788055394188e-05)	(65, 0.0)	(70, 0.0)	(75, 0.0)	(80, 0.0)	(85, 0.0)	(90, 7.52236870363635e-05)	(95, 0.0)	(100, 0.0)	(105, 0.0)	(110, 5.6677850466071414e-05)	(115, 0.0)	(120, 0.00037902800164119126)	(125, 0.0)	(130, 0.0)	(135, 0.0)	(140, 3.8252020376086214e-05)	(145, 0.0)	(150, 0.0)
PID-2861-36_R2	(1, 0.00046796411276812006)	(2, 0.0)	(3, 0.0014038923383043601)	(4, 0.0)	(5, 0.0)	(6, 0.0)	(7, 0.0)	(8, 0.0)	(9, 0.0)	(10, 0.0)	(15, 0.0)	(20, 0.0)	(25, 0.0)	(30, 0.0002433446638352579)	(35, 1.8719475555172845e-05)	(40, 0.0)	(45, 0.0)	(50, 0.0)	(55, 0.0)	(60, 0.00011243745666473024)	(65, 3.749661358708541e-05)	(70, 0.0)	(75, 0.0)	(80, 0.0)	(85, 5.637763544304082e-05)	(90, 0.00018805921759090875)	(95, 0.0)	(100, 0.0)	(105, 0.0)	(110, 0.0)	(115, 1.892213465899286e-05)	(120, 0.00045483360196942946)	(125, 0.0)	(130, 0.0)	(135, 1.9065540655835532e-05)	(140, 0.0)	(145, 0.0)	(150, 0.000185651261531264)
PID-2861-37_R1	(1, 0.0)	(2, 0.011230806551603311)	(3, 0.00022461613103206618)	(4, 0.0)	(5, 0.0)	(6, 0.0)	(7, 0.0)	(8, 0.0)	(9, 0.0)	(10, 0.0)	(15, 0.0)	(20, 0.0)	(25, 0.0)	(30, 0.05359340886425099)	(35, 0.06823847257231189)	(40, 0.0)	(45, 0.0)	(50, 0.0)	(55, 0.0)	(60, 4.4938750729692966e-05)	(65, 0.0)	(70, 0.0)	(75, 0.0)	(80, 0.0)	(85, 0.0)	(90, 0.0)	(95, 0.0)	(100, 0.0)	(105, 0.0)	(110, 0.0)	(115, 0.0)	(120, 0.00022590130101077276)	(125, 0.0)	(130, 0.0)	(135, 0.0)	(140, 0.0)	(145, 0.0)	(150, 0.0)
PID-2861-37_R2	(1, 0.0)	(2, 0.0)	(3, 0.0015723129172244632)	(4, 0.0)	(5, 0.0)	(6, 0.0)	(7, 0.0)	(8, 0.0)	(9, 0.0)	(10, 0.0)	(15, 0.0)	(20, 0.0)	(25, 0.0)	(30, 0.00022461613103206618)	(35, 0.0)	(40, 0.0)	(45, 0.0)	(50, 0.0)	(55, 0.0)	(60, 4.4938750729692966e-05)	(65, 0.0)	(70, 0.0)	(75, 0.0)	(80, 0.0)	(85, 0.0)	(90, 4.5011104239415866e-05)	(95, 0.0)	(100, 0.0)	(105, 0.0)	(110, 0.0)	(115, 0.0)	(120, 0.00022590130101077276)	(125, 0.0)	(130, 0.0)	(135, 0.0)	(140, 0.0)	(145, 0.0)	(150, 0.0)
PID-2861-38_R1	(1, 0.00027498817550845314)	(2, 0.025482237597116656)	(3, 0.0012832781523727814)	(4, 0.0)	(5, 0.0)	(6, 0.0)	(7, 0.0)	(8, 0.0)	(9, 0.0)	(10, 0.0)	(15, 0.0)	(20, 0.0)	(25, 0.0)	(30, 0.09749435117582625)	(35, 0.0928059442738989)	(40, 0.0)	(45, 0.0)	(50, 0.0)	(55, 0.0)	(60, 0.0)	(65, 0.0)	(70, 0.0)	(75, 0.0)	(80, 0.0)	(85, 0.0)	(90, 0.0)	(95, 0.0)	(100, 0.0)	(105, 0.0)	(110, 1.8503287571619287e-05)	(115, 1.853175499611482e-05)	(120, 0.00035262108822579625)	(125, 0.0)	(130, 0.0)	(135, 0.0)	(140, 0.0)	(145, 0.0)	(150, 0.0)
PID-2861-38_R2	(1, 0.0)	(2, 0.0)	(3, 0.001649929053050719)	(4, 0.0)	(5, 0.0)	(6, 0.0)	(7, 0.0)	(8, 0.0)	(9, 0.0)	(10, 0.0)	(15, 0.0)	(20, 0.0)	(25, 0.0)	(30, 0.00023832767305109837)	(35, 0.0)	(40, 0.0)	(45, 0.0)	(50, 0.0)	(55, 0.0)	(60, 3.671113057616835e-05)	(65, 1.83647949818565e-05)	(70, 0.0)	(75, 0.0)	(80, 0.0)	(85, 1.8409107058898465e-05)	(90, 9.210903720449809e-05)	(95, 0.0)	(100, 0.0)	(105, 0.0)	(110, 0.0)	(115, 0.0)	(120, 0.0004082981021561852)	(125, 0.0)	(130, 0.0)	(135, 0.0)	(140, 0.0)	(145, 0.0)	(150, 6.049500643969344e-05)
PID-2861-39_R1	(1, 9.552165810315001e-05)	(2, 0.028560975772841855)	(3, 0.0019104331620630002)	(4, 0.0)	(5, 0.0)	(6, 0.0)	(7, 0.0)	(8, 0.0)	(9, 0.0)	(10, 0.0)	(15, 0.0)	(20, 0.0)	(25, 0.0)	(30, 0.09823644377195849)	(35, 0.09270022063111044)	(40, 0.0)	(45, 0.0)	(50, 0.0)	(55, 0.0)	(60, 5.738482435366037e-05)	(65, 0.0)	(70, 0.0)	(75, 1.9157990970455695e-05)	(80, 0.0)	(85, 0.0)	(90, 5.759467364458135e-05)	(95, 0.0)	(100, 0.0)	(105, 5.777542653190099e-05)	(110, 1.928101853137253e-05)	(115, 3.8618440730251545e-05)	(120, 0.0005221158609903262)	(125, 0.0)	(130, 0.0)	(135, 5.8343011790733734e-05)	(140, 0.000156031981875325)	(145, 0.0)	(150, 0.0)
PID-2861-39_R2	(1, 0.00019104331620630003)	(2, 0.0)	(3, 0.0018149115039598502)	(4, 0.0)	(5, 0.0)	(6, 0.0)	(7, 0.0)	(8, 0.0)	(9, 0.0)	(10, 0.0)	(15, 0.0)	(20, 0.0)	(25, 0.0)	(30, 0.00028657072278867704)	(35, 1.910556896766497e-05)	(40, 0.0)	(45, 0.0)	(50, 0.0)	(55, 0.0)	(60, 9.56413739227673e-05)	(65, 1.913771576817643e-05)	(70, 0.0)	(75, 0.0)	(80, 5.750510645345307e-05)	(85, 1.9184166463314502e-05)	(90, 0.00021118047003013162)	(95, 0.0)	(100, 0.0)	(105, 1.9258475510633663e-05)	(110, 0.0)	(115, 9.654610182562885e-05)	(120, 0.000599466358914819)	(125, 0.0)	(130, 1.9406208822450654e-05)	(135, 7.779068238764498e-05)	(140, 0.0)	(145, 0.0)	(150, 6.29246232230873e-05)
PID-2861-3_R1	(1, 0.0003403556262486797)	(2, 0.023938345712823807)	(3, 0.0013614225049947187)	(4, 0.0)	(5, 0.0)	(6, 0.0)	(7, 0.0)	(8, 0.0)	(9, 0.0)	(10, 0.0)	(15, 0.0)	(20, 0.0)	(25, 0.0)	(30, 0.09071809567332771)	(35, 0.07926449447610663)	(40, 0.0)	(45, 0.0)	(50, 0.0)	(55, 0.0)	(60, 0.0)	(65, 0.0)	(70, 0.0)	(75, 0.0)	(80, 0.0)	(85, 0.0)	(90, 0.0)	(95, 0.0)	(100, 0.0)	(105, 0.0)	(110, 6.883973833556528e-05)	(115, 0.0)	(120, 0.00023025728027468772)	(125, 0.0)	(130, 0.0)	(135, 0.0)	(140, 4.651184424113601e-05)	(145, 0.0)	(150, 0.0)
PID-2861-3_R2	(1, 0.0)	(2, 0.0)	(3, 0.0011345187541622658)	(4, 0.0)	(5, 0.0)	(6, 0.0)	(7, 0.0)	(8, 0.0)	(9, 0.0)	(10, 0.0)	(15, 0.0)	(20, 2.269042656867428e-05)	(25, 0.0)	(30, 0.00018152695482406746)	(35, 4.538476637624198e-05)	(40, 0.0)	(45, 0.0)	(50, 0.0)	(55, 0.0)	(60, 6.817654999386411e-05)	(65, 4.547637411412023e-05)	(70, 2.275015214164245e-05)	(75, 0.0)	(80, 0.0)	(85, 4.561155285900055e-05)	(90, 9.130708604620002e-05)	(95, 0.0)	(100, 2.2881001858394972e-05)	(105, 4.58301128131142e-05)	(110, 0.0)	(115, 2.2985340639300473e-05)	(120, 0.00036841164843950036)	(125, 2.3073330736814513e-05)	(130, 2.312259553909638e-05)	(135, 4.6361492144624673e-05)	(140, 2.325617090866976e-05)	(145, 2.3447340555739487e-05)	(150, 7.516372538481948e-05)
PID-2861-40_R1	(1, 0.00031358349630964484)	(2, 0.03376248976933843)	(3, 0.002195084474167514)	(4, 0.0)	(5, 0.0)	(6, 0.0)	(7, 0.0)	(8, 0.0)	(9, 0.0)	(10, 0.0)	(15, 0.0)	(20, 0.0)	(25, 0.0)	(30, 0.09756819582043522)	(35, 0.095439796618107)	(40, 0.0)	(45, 0.0)	(50, 0.0)	(55, 0.0)	(60, 4.185716034745629e-05)	(65, 0.0)	(70, 0.0)	(75, 0.0)	(80, 0.0)	(85, 0.0)	(90, 2.099602188373369e-05)	(95, 0.0)	(100, 0.0)	(105, 0.0)	(110, 4.216867596893602e-05)	(115, 8.446159953377197e-05)	(120, 0.0003594778774142376)	(125, 0.0)	(130, 0.0)	(135, 0.0)	(140, 2.132106604477381e-05)	(145, 0.0)	(150, 0.0)
PID-2861-40_R2	(1, 0.0)	(2, 0.0)	(3, 0.0015679174815482243)	(4, 0.0)	(5, 0.0)	(6, 0.0)	(7, 0.0)	(8, 0.0)	(9, 0.0)	(10, 0.0)	(15, 0.0)	(20, 0.0)	(25, 0.0)	(30, 0.0002926836814840568)	(35, 0.0)	(40, 0.0)	(45, 0.0)	(50, 0.0)	(55, 0.0)	(60, 8.371432069491258e-05)	(65, 4.187473173999979e-05)	(70, 0.0)	(75, 0.0)	(80, 0.0)	(85, 4.196494122914893e-05)	(90, 0.00010498010941866844)	(95, 0.0)	(100, 0.0)	(105, 0.0)	(110, 0.0)	(115, 0.0)	(120, 0.0005074981798789236)	(125, 0.0)	(130, 0.0)	(135, 2.1260107852527137e-05)	(140, 0.0)	(145, 0.0)	(150, 0.0001375423114535609)
PID-2861-4_R1	(1, 0.00010962039553231115)	(2, 0.025431931763496188)	(3, 0.0023020283061785346)	(4, 0.0)	(5, 0.0)	(6, 0.0)	(7, 0.0)	(8, 0.0)	(9, 0.0)	(10, 0.0)	(15, 0.0)	(20, 0.0)	(25, 0.0)	(30, 0.0974545827661272)	(35, 0.09121144808917499)	(40, 0.0)	(45, 0.0)	(50, 0.0)	(55, 0.0)	(60, 8.782187265213711e-05)	(65, 0.0)	(70, 0.0)	(75, 0.0)	(80, 0.0)	(85, 0.0)	(90, 6.611198709494012e-05)	(95, 0.0)	(100, 0.0)	(105, 0.0)	(110, 4.42888723986654e-05)	(115, 2.2179091282707784e-05)	(120, 0.0003776175840071401)	(125, 0.0)	(130, 0.0)	(135, 0.0)	(140, 2.24187298623759e-05)	(145, 0.0)	(150, 0.0)
PID-2861-4_R2	(1, 0.0002192407910646223)	(2, 0.0)	(3, 0.0021924079106462233)	(4, 0.0)	(5, 0.0)	(6, 0.0)	(7, 0.0)	(8, 0.0)	(9, 0.0)	(10, 0.0)	(15, 0.0)	(20, 0.0)	(25, 0.0)	(30, 0.0003507926488769483)	(35, 0.0)	(40, 0.0)	(45, 0.0)	(50, 0.0)	(55, 0.0)	(60, 0.0001097773408151714)	(65, 4.393361367372219e-05)	(70, 0.0)	(75, 0.0)	(80, 0.0)	(85, 4.404236699535485e-05)	(90, 0.00024241061934811376)	(95, 0.0)	(100, 0.0)	(105, 0.0)	(110, 0.0)	(115, 0.0)	(120, 0.0005108943783626013)	(125, 0.0)	(130, 0.0)	(135, 0.0)	(140, 0.0)	(145, 0.0)	(150, 0.00014458085648253572)
PID-2861-5_R1	(1, 0.0)	(2, 0.028239489542053502)	(3, 0.003267378955278917)	(4, 0.0)	(5, 0.0)	(6, 0.0)	(7, 0.0)	(8, 0.0)	(9, 0.0)	(10, 0.0)	(15, 0.0)	(20, 0.0)	(25, 0.0)	(30, 0.09762696231244503)	(35, 0.0964651013630451)	(40, 0.0)	(45, 0.0)	(50, 0.0)	(55, 0.0)	(60, 2.3367931113208513e-05)	(65, 0.0)	(70, 0.0)	(75, 0.0)	(80, 0.0)	(85, 0.0)	(90, 2.343806397841448e-05)	(95, 0.0)	(100, 0.0)	(105, 0.0)	(110, 0.0)	(115, 0.0)	(120, 0.0003304111612890283)	(125, 0.0)	(130, 0.0)	(135, 0.0)	(140, 0.0)	(145, 0.0)	(150, 0.0)
PID-2861-5_R2	(1, 0.00011669210554567562)	(2, 0.0)	(3, 0.0021004578998221612)	(4, 0.0)	(5, 0.0)	(6, 0.0)	(7, 0.0)	(8, 0.0)	(9, 0.0)	(10, 0.0)	(15, 0.0)	(20, 0.0)	(25, 0.0)	(30, 0.0002567288035947634)	(35, 0.0)	(40, 0.0)	(45, 0.0)	(50, 0.0)	(55, 0.0)	(60, 2.3367931113208513e-05)	(65, 0.0)	(70, 0.0)	(75, 0.0)	(80, 0.0)	(85, 0.0)	(90, 0.0001171903198920724)	(95, 0.0)	(100, 0.0)	(105, 0.0)	(110, 0.0)	(115, 0.0)	(120, 0.0005192175391684732)	(125, 0.0)	(130, 0.0)	(135, 0.0)	(140, 0.0)	(145, 0.0)	(150, 0.0)
PID-2861-6_R1	(1, 0.0002200321687030644)	(2, 0.029374294521859093)	(3, 0.0019802895183275793)	(4, 0.0)	(5, 0.0)	(6, 0.0)	(7, 0.0)	(8, 0.0)	(9, 0.0)	(10, 0.0)	(15, 0.0)	(20, 0.0)	(25, 0.0)	(30, 0.09897166721492012)	(35, 0.09171314118608768)	(40, 0.0)	(45, 0.0)	(50, 0.0)	(55, 0.0)	(60, 6.608459356653265e-05)	(65, 0.0)	(70, 0.0)	(75, 0.0)	(80, 0.0)	(85, 0.0)	(90, 2.210214373112477e-05)	(95, 0.0)	(100, 0.0)	(105, 0.0)	(110, 6.658563934199184e-05)	(115, 0.0)	(120, 0.00031163146640857646)	(125, 0.0)	(130, 0.0)	(135, 0.0)	(140, 8.979860866035741e-05)	(145, 2.2630476009432383e-05)	(150, 0.0)
PID-2861-6_R2	(1, 0.0002200321687030644)	(2, 0.0)	(3, 0.0015402251809214507)	(4, 0.0)	(5, 0.0)	(6, 0.0)	(7, 0.0)	(8, 0.0)	(9, 0.0)	(10, 0.0)	(15, 0.0)	(20, 0.0)	(25, 0.0)	(30, 0.0001760278652110629)	(35, 0.0)	(40, 0.0)	(45, 0.0)	(50, 0.0)	(55, 0.0)	(60, 4.4056395711021764e-05)	(65, 2.203838778614918e-05)	(70, 0.0)	(75, 0.0)	(80, 0.0)	(85, 2.208734218594008e-05)	(90, 0.00011051071865562386)	(95, 0.0)	(100, 0.0)	(105, 4.433709940045157e-05)	(110, 0.0)	(115, 8.890661094000293e-05)	(120, 0.00042292841869735374)	(125, 4.459386361680314e-05)	(130, 2.233743873119774e-05)	(135, 2.2383723272715227e-05)	(140, 0.0)	(145, 0.0)	(150, 0.00014499173184649147)
PID-2861-7_R1	(1, 0.0)	(2, 0.026437322890590795)	(3, 0.003924290116572071)	(4, 0.0)	(5, 0.0)	(6, 0.0)	(7, 0.0)	(8, 0.0)	(9, 0.0)	(10, 0.0)	(15, 0.0)	(20, 0.0)	(25, 0.0)	(30, 0.09672514238197075)	(35, 0.09412829084960234)	(40, 0.0)	(45, 0.0)	(50, 0.0)	(55, 0.0)	(60, 8.273399448826128e-05)	(65, 0.0)	(70, 0.0)	(75, 0.0)	(80, 0.0)	(85, 0.0)	(90, 0.0)	(95, 0.0)	(100, 0.0)	(105, 0.0)	(110, 4.171315075904378e-05)	(115, 2.0889150885261326e-05)	(120, 0.0005858208752247564)	(125, 0.0)	(130, 0.0)	(135, 0.0)	(140, 4.223029149247551e-05)	(145, 2.1284914976342883e-05)	(150, 0.0)
PID-2861-7_R2	(1, 0.00010327079254137029)	(2, 0.0)	(3, 0.002788311398616998)	(4, 0.0)	(5, 0.0)	(6, 0.0)	(7, 0.0)	(8, 0.0)	(9, 0.0)	(10, 0.0)	(15, 0.0)	(20, 0.0)	(25, 0.0)	(30, 0.0004130905077171503)	(35, 2.0655758360676395e-05)	(40, 0.0)	(45, 0.0)	(50, 0.0)	(55, 0.0)	(60, 0.0001034174931103266)	(65, 4.1389469318710704e-05)	(70, 0.0)	(75, 0.0)	(80, 0.0)	(85, 4.149629842643962e-05)	(90, 0.0002283924163751549)	(95, 0.0)	(100, 0.0)	(105, 4.1660599841814705e-05)	(110, 0.0)	(115, 4.177830177052265e-05)	(120, 0.0006276652234550961)	(125, 2.0961082396757235e-05)	(130, 2.1002345331903213e-05)	(135, 2.1049538404672325e-05)	(140, 0.0)	(145, 0.0)	(150, 0.0)
PID-2861-8_R1	(1, 0.00020422855217273653)	(2, 0.025017997641160222)	(3, 0.0016338284173818922)	(4, 0.0)	(5, 0.0)	(6, 0.0)	(7, 0.0)	(8, 0.0)	(9, 0.0)	(10, 0.0)	(15, 0.0)	(20, 0.0)	(25, 0.0)	(30, 0.09907333448656791)	(35, 0.08827324101474604)	(40, 0.0)	(45, 0.0)	(50, 0.0)	(55, 0.0)	(60, 4.090052317904224e-05)	(65, 0.0)	(70, 0.0)	(75, 6.144834989673605e-05)	(80, 0.0)	(85, 0.0)	(90, 4.105316138079845e-05)	(95, 0.0)	(100, 0.0)	(105, 0.00010296644261855196)	(110, 2.0618726752385588e-05)	(115, 4.129882321068202e-05)	(120, 0.0003722354538139555)	(125, 0.0)	(130, 0.0)	(135, 6.240211967520114e-05)	(140, 0.00018778465023231046)	(145, 0.0)	(150, 0.0)
PID-2861-8_R2	(1, 0.00010211427608636826)	(2, 0.0)	(3, 0.0014295998652091556)	(4, 0.0)	(5, 0.0)	(6, 0.0)	(7, 0.0)	(8, 0.0)	(9, 0.0)	(10, 0.0)	(15, 0.0)	(20, 0.0)	(25, 0.0)	(30, 0.0002655026485931525)	(35, 0.0)	(40, 0.0)	(45, 0.0)	(50, 0.0)	(55, 0.0)	(60, 8.180104635808448e-05)	(65, 2.0460194793330548e-05)	(70, 0.0)	(75, 0.0)	(80, 8.198008129964662e-05)	(85, 2.051160033556978e-05)	(90, 0.0001642126455231938)	(95, 0.0)	(100, 0.0)	(105, 0.0)	(110, 0.0)	(115, 0.0002890917624747742)	(120, 0.0006617519178914764)	(125, 0.0)	(130, 2.075597408824195e-05)	(135, 2.0800706558400377e-05)	(140, 0.0)	(145, 0.0)	(150, 6.722304943919172e-05)
PID-2861-9_R1	(1, 0.0003830232600450244)	(2, 0.029875814283511905)	(3, 0.0018193604852138657)	(4, 0.0)	(5, 0.0)	(6, 0.0)	(7, 0.0)	(8, 0.0)	(9, 0.0)	(10, 0.0)	(15, 0.0)	(20, 0.0)	(25, 0.0)	(30, 0.09623651084906266)	(35, 0.09197130005129095)	(40, 0.0)	(45, 0.0)	(50, 0.0)	(55, 0.0)	(60, 3.8359744976743444e-05)	(65, 0.0)	(70, 0.0)	(75, 0.0)	(80, 0.0)	(85, 0.0)	(90, 3.852053414113461e-05)	(95, 0.0)	(100, 0.0)	(105, 0.0)	(110, 3.871067890207998e-05)	(115, 0.0)	(120, 0.00038835494399144994)	(125, 0.0)	(130, 0.0)	(135, 0.0)	(140, 1.9601105737576868e-05)	(145, 0.0)	(150, 0.0)
PID-2861-9_R2	(1, 9.57558150112561e-05)	(2, 0.0)	(3, 0.0017236046702026099)	(4, 0.0)	(5, 0.0)	(6, 0.0)	(7, 0.0)	(8, 0.0)	(9, 0.0)	(10, 0.0)	(15, 0.0)	(20, 0.0)	(25, 0.0)	(30, 0.00030642471116119457)	(35, 0.0)	(40, 0.0)	(45, 0.0)	(50, 0.0)	(55, 0.0)	(60, 7.671948995348689e-05)	(65, 3.8381247843453636e-05)	(70, 0.0)	(75, 0.0)	(80, 0.0)	(85, 3.8488221161016436e-05)	(90, 0.00015408213656453845)	(95, 0.0)	(100, 0.0)	(105, 0.0)	(110, 0.0)	(115, 0.0)	(120, 0.000504861427188885)	(125, 0.0)	(130, 0.0)	(135, 0.0)	(140, 0.0)	(145, 0.0)	(150, 6.328561176302323e-05)
