Sample	0	1	2	3	4	5	6	7	8	9	10	11	12	13	14	15	16	17	18	19	20	21	22	23	24	25	26	27	28	29	30	31	32	33	34	35
PID-2861-10_R2 - polyg	(1, 0.44151413521647104)	(2, 0.44163711965525004)	(3, 0.44397382399205026)	(4, 0.4453266528186189)	(5, 0.45012304593099833)	(6, 0.45590331455360955)	(7, 0.4588549410843046)	(8, 0.4630364120027893)	(9, 0.4667259451661581)	(10, 0.4728013764418389)	(15, 0.4777945446562647)	(20, 0.4803280240951112)	(25, 0.48170544980943564)	(30, 0.48276311598293464)	(35, 0.48342723195234105)	(40, 0.48377158838092216)	(45, 0.48453409190135177)	(50, 0.4848538514421771)	(55, 0.4849276421054444)	(60, 0.48514901409524647)	(65, 0.48554256429933923)	(70, 0.48583772695240873)	(75, 0.486157486493234)	(80, 0.48655103669732674)	(85, 0.48716595889122144)	(90, 0.4874119277687795)	(95, 0.4877562841973605)	(100, 0.4880268499626742)	(105, 0.4882482219524764)	(110, 0.48854338460554586)	(115, 0.4890353223606617)	(120, 0.4891337099116849)	(125, 0.4893058881259755)	(130, 0.4895026632280217)	(135, 0.48972403521782387)	(140, 0.48997000409538183)
PID-2861-11_R2 - polyg	(1, 0.4093121417647141)	(2, 0.4103580842053394)	(3, 0.4117526741261732)	(4, 0.4132634798737431)	(5, 0.4161688755421468)	(6, 0.4200039978244397)	(7, 0.42174723522548196)	(8, 0.4251174942008302)	(9, 0.4266282999484002)	(10, 0.43150936467131845)	(15, 0.4360185387486809)	(20, 0.43792447830715375)	(25, 0.43906339340916806)	(30, 0.44017906534583506)	(35, 0.4405741991567379)	(40, 0.44129473728250207)	(45, 0.4416433847627105)	(50, 0.44182933008548836)	(55, 0.44196878907757176)	(60, 0.44220122073104406)	(65, 0.4424336523845163)	(70, 0.4427590566993776)	(75, 0.44299148835284985)	(80, 0.44315419051028043)	(85, 0.4435028379904889)	(90, 0.4437585128093084)	(95, 0.4439677012974335)	(100, 0.4442931056122947)	(105, 0.4444093214390309)	(110, 0.44454878043111423)	(115, 0.4447114825885448)	(120, 0.4448741847459755)	(125, 0.4448741847459755)	(130, 0.4449439142420172)	(135, 0.44538553438361445)	(140, 0.4455714797063923)
PID-2861-12_R2 - polyg	(1, 0.3349539488463143)	(2, 0.33575623375373065)	(3, 0.3373608035685633)	(4, 0.3389653733833959)	(5, 0.3415059422568809)	(6, 0.3444476535840741)	(7, 0.34725565076003123)	(8, 0.349261363028572)	(9, 0.35059850454093255)	(10, 0.35597381342062195)	(15, 0.36041312324165886)	(20, 0.36185723607500825)	(25, 0.36247232117069417)	(30, 0.36306066343613275)	(35, 0.36356877721082975)	(40, 0.3640234053250323)	(45, 0.3641303766460212)	(50, 0.3645047762694822)	(55, 0.3649326615534375)	(60, 0.36544077532813457)	(65, 0.36568146080035946)	(70, 0.3659488891028315)	(75, 0.3662698030657981)	(80, 0.36659071702876456)	(85, 0.36691163099173113)	(90, 0.36704534514296716)	(95, 0.3671255736337088)	(100, 0.3674464875966753)	(105, 0.3674464875966753)	(110, 0.3674464875966753)	(115, 0.3674464875966753)	(120, 0.3674999732571698)	(125, 0.3675802017479114)	(130, 0.3676871730689002)	(135, 0.3677139158991474)	(140, 0.3677139158991474)
PID-2861-13_R2 - polyg	(1, 0.48409526034173744)	(2, 0.4843135671107754)	(3, 0.4863874814166363)	(4, 0.4880247821844212)	(5, 0.49064446341287704)	(6, 0.49424652510200384)	(7, 0.4964295927923837)	(8, 0.49904927402083954)	(9, 0.5010140349421814)	(10, 0.5066463495833615)	(15, 0.5117328973019466)	(20, 0.5133483673928277)	(25, 0.5142652558227874)	(30, 0.5143962398842101)	(35, 0.5151166522220354)	(40, 0.5159462179443798)	(45, 0.5163610008055519)	(50, 0.5166229689283975)	(55, 0.5170595824664735)	(60, 0.5172997199124153)	(65, 0.5175835187121647)	(70, 0.5178454868350103)	(75, 0.5180201322502407)	(80, 0.5183257617268938)	(85, 0.5186968832342584)	(90, 0.5188933593263927)	(95, 0.5189806820340078)	(100, 0.5191334967723344)	(105, 0.5192208194799497)	(110, 0.5193518035413724)	(115, 0.5194827876027952)	(120, 0.5196356023411218)	(125, 0.5197884170794483)	(130, 0.519832078433256)	(135, 0.5201377079099092)	(140, 0.5202250306175243)
PID-2861-14_R2 - polyg	(1, 0.6293466416630507)	(2, 0.6297794797934929)	(3, 0.6317272513804831)	(4, 0.6343242801631367)	(5, 0.6395183377284438)	(6, 0.642981042771982)	(7, 0.6467683764133517)	(8, 0.650447500522111)	(9, 0.653693786500428)	(10, 0.6607274061201147)	(15, 0.6681722219637216)	(20, 0.6709640279050744)	(25, 0.6722192584833568)	(30, 0.6730632928377192)	(35, 0.6738424014725153)	(40, 0.6742535976964354)	(45, 0.6745133005747008)	(50, 0.6748162872660105)	(55, 0.6751625577703643)	(60, 0.6757468892464613)	(65, 0.6760715178442929)	(70, 0.6761364435638594)	(75, 0.6762662950029921)	(80, 0.6766342074138679)	(85, 0.6769371941051775)	(90, 0.6773483903290975)	(95, 0.677413316048664)	(100, 0.6775864513008408)	(105, 0.677824512272584)	(110, 0.6780192894312831)	(115, 0.6782789923095486)	(120, 0.6785603370943359)	(125, 0.6785819790008581)	(130, 0.6785819790008581)	(135, 0.6786685466269466)	(140, 0.6787983980660792)
PID-2861-15_R2 - polyg	(1, 0.3468029290868316)	(2, 0.34719950190454096)	(3, 0.347794361131105)	(4, 0.3487857931753784)	(5, 0.35374295339674533)	(6, 0.35870011361811227)	(7, 0.3602864048889497)	(8, 0.3632607010217699)	(9, 0.3670281427900087)	(10, 0.371787016602521)	(15, 0.3763872612879495)	(20, 0.37833046809472537)	(25, 0.37888567003951845)	(30, 0.37908395644837317)	(35, 0.37999607392910467)	(40, 0.3803133321832721)	(45, 0.3809081914098362)	(50, 0.3811064778186909)	(55, 0.3811064778186909)	(60, 0.38138407879108743)	(65, 0.3819789380176514)	(70, 0.3830496846254667)	(75, 0.38348591472494703)	(80, 0.3839221448244273)	(85, 0.38412043123328193)	(90, 0.38427906036036574)	(95, 0.38439803220567853)	(100, 0.3844773467692204)	(105, 0.38459631861453314)	(110, 0.38475494774161695)	(115, 0.38487391958692974)	(120, 0.38487391958692974)	(125, 0.38487391958692974)	(130, 0.38487391958692974)	(135, 0.38503254871401354)	(140, 0.38507220599578446)
PID-2861-16_R2 - polyg	(1, 0.300436599787185)	(2, 0.30071084588466307)	(3, 0.30125933807961913)	(4, 0.3018078302745752)	(5, 0.30304193771322635)	(6, 0.30468741429809454)	(7, 0.30715562917539685)	(8, 0.3093495979552211)	(9, 0.31058370539387226)	(10, 0.31538301209973785)	(15, 0.3192773066839259)	(20, 0.3204565649030814)	(25, 0.3213067278052633)	(30, 0.32180037078072377)	(35, 0.3223214383659321)	(40, 0.32289735517063595)	(45, 0.32317160126811395)	(50, 0.3236652442435744)	(55, 0.32380236729231343)	(60, 0.3240217641702959)	(65, 0.3240217641702959)	(70, 0.3242685856580261)	(75, 0.3247622286334866)	(80, 0.324981625511469)	(85, 0.3253655700479382)	(90, 0.325392994657686)	(95, 0.32558496692592065)	(100, 0.3259963360721377)	(105, 0.32621573295012013)	(110, 0.3267368005353284)	(115, 0.32698362202305864)	(120, 0.32720301890104103)	(125, 0.3275046896082669)	(130, 0.32758696343751026)	(135, 0.32758696343751026)	(140, 0.3277240864862493)
PID-2861-17_R2 - polyg	(1, 0.448400116251882)	(2, 0.4487278941146392)	(3, 0.44982048699049665)	(4, 0.4505853020035968)	(5, 0.4530982656180689)	(6, 0.4558297478077124)	(7, 0.4579056742718415)	(8, 0.460200119311142)	(9, 0.4624945643504426)	(10, 0.46614382455580633)	(15, 0.4693778994683443)	(20, 0.4714319740749563)	(25, 0.47237160394819366)	(30, 0.47296160410115656)	(35, 0.4735516042541196)	(40, 0.4739230858319112)	(45, 0.47431641926721985)	(50, 0.47453493784239126)	(55, 0.4746223452724599)	(60, 0.47477530827507997)	(65, 0.47492827127769993)	(70, 0.4750593824228028)	(75, 0.47510308613783714)	(80, 0.4751686417103886)	(85, 0.47532160471300855)	(90, 0.47538716028556005)	(95, 0.47538716028556005)	(100, 0.4754964195731458)	(105, 0.4754964195731458)	(110, 0.4754964195731458)	(115, 0.47564938257576583)	(120, 0.47571493814831733)	(125, 0.47571493814831733)	(130, 0.47571493814831733)	(135, 0.47571493814831733)	(140, 0.4757149381483173)
PID-2861-18_R2 - polyg	(1, 0.43908072619621286)	(2, 0.43948737655620007)	(3, 0.4404023398661714)	(4, 0.44172395353612987)	(5, 0.445892119725999)	(6, 0.4486370096559128)	(7, 0.4525001880757915)	(8, 0.45494009023571486)	(9, 0.4576849801656287)	(10, 0.46238179182348127)	(15, 0.4670786034813338)	(20, 0.4691931853532673)	(25, 0.4706977916852201)	(30, 0.4714297623331971)	(35, 0.4718974102471825)	(40, 0.47210073542717607)	(45, 0.4723650581611677)	(50, 0.4726293808951594)	(55, 0.4729343686651498)	(60, 0.47307669629114535)	(65, 0.4732190239171409)	(70, 0.47344268161513386)	(75, 0.47380866693912244)	(80, 0.47407298967311406)	(85, 0.47433731240710586)	(90, 0.4745609701050988)	(95, 0.4746626326950956)	(100, 0.47482529283909053)	(105, 0.47492695542908725)	(110, 0.4750896155730822)	(115, 0.47523194319907774)	(120, 0.47527260823507644)	(125, 0.4753742708250733)	(130, 0.47569959111306304)	(135, 0.47578092118506043)	(140, 0.4757809211850605)
PID-2861-19_R2 - polyg	(1, 0.493358193228536)	(2, 0.49469762723730126)	(3, 0.49594776564548215)	(4, 0.4968407216513257)	(5, 0.4996981808700249)	(6, 0.5033593004939833)	(7, 0.5075561937214478)	(8, 0.5097885837360565)	(9, 0.5126460429547557)	(10, 0.5173072733052588)	(15, 0.5213077162114377)	(20, 0.5226828684604367)	(25, 0.5236651200668645)	(30, 0.5240223024692019)	(35, 0.5243973439916563)	(40, 0.5248259628744611)	(45, 0.5251831452767985)	(50, 0.5255403276791359)	(55, 0.5259153692015903)	(60, 0.5263439880843951)	(65, 0.5266475931263819)	(70, 0.5271476484896542)	(75, 0.5274155352914073)	(80, 0.5277727176937447)	(85, 0.5281120409759652)	(90, 0.5285049416185363)	(95, 0.5287371101800556)	(100, 0.5288799831409905)	(105, 0.5289871378616918)	(110, 0.5291657290628605)	(115, 0.529237165543328)	(120, 0.5292550246634449)	(125, 0.5292550246634449)	(130, 0.5292550246634449)	(135, 0.5293086020237954)	(140, 0.5293443202640292)
PID-2861-1_R2 - polyg	(1, 0.4158397413721599)	(2, 0.41634550607828025)	(3, 0.4182674119615376)	(4, 0.4197847060798987)	(5, 0.4236285178464134)	(6, 0.42727002373048)	(7, 0.4312149884382188)	(8, 0.43435072961616505)	(9, 0.43789108255900755)	(10, 0.44171466373727747)	(15, 0.44602377903342294)	(20, 0.44790522374019065)	(25, 0.4496450543292448)	(30, 0.4503935860943029)	(35, 0.450697044917975)	(40, 0.4509802731534024)	(45, 0.4513444237418092)	(50, 0.45162765197723653)	(55, 0.4521334166833569)	(60, 0.4525177978600084)	(65, 0.45269987315421173)	(70, 0.4527605649189462)	(75, 0.4529224096249047)	(80, 0.4531651766838424)	(85, 0.4534686355075147)	(90, 0.4537316331546973)	(95, 0.453873247272411)	(100, 0.45399463080187985)	(105, 0.4540755531548591)	(110, 0.4542373978608176)	(115, 0.45437901197853126)	(120, 0.4544599343315106)	(125, 0.4548240849199172)	(130, 0.45496569903763096)	(135, 0.45498592962587575)	(140, 0.4550870825670998)
PID-2861-20_R2 - polyg	(1, 0.6803526855875012)	(2, 0.6809304798003143)	(3, 0.6822786662968784)	(4, 0.6837231518289113)	(5, 0.6886344026378232)	(6, 0.6931604573048596)	(7, 0.6968198206526763)	(8, 0.7002865859295553)	(9, 0.7028866598872145)	(10, 0.7085683029798774)	(15, 0.7151166373917598)	(20, 0.717562632892669)	(25, 0.718814520353764)	(30, 0.7197197312871714)	(35, 0.7204708637638285)	(40, 0.7212027364333917)	(45, 0.721530153153986)	(50, 0.7217227512249236)	(55, 0.7220694277526116)	(60, 0.7226087023512372)	(65, 0.7227820406150812)	(70, 0.7231479769498629)	(75, 0.7232635357924255)	(80, 0.7237835505839573)	(85, 0.7241109673045515)	(90, 0.7243806046038642)	(95, 0.7244576438322394)	(100, 0.7245539428677082)	(105, 0.7246695017102709)	(110, 0.724996918430865)	(115, 0.7251702566947089)	(120, 0.7254398939940219)	(125, 0.7256517518720532)	(130, 0.7258636097500848)	(135, 0.7260754676281163)	(140, 0.72609472743521)
PID-2861-21_R2 - polyg	(1, 0.6665254064020639)	(2, 0.6672688814789206)	(3, 0.6684770284788129)	(4, 0.6703357161709547)	(5, 0.6740530915552383)	(6, 0.6778634013241291)	(7, 0.679722089016271)	(8, 0.6835323987851617)	(9, 0.6866921678618029)	(10, 0.6946659380610913)	(15, 0.7015244956450948)	(20, 0.7047400253525001)	(25, 0.7059295854754708)	(30, 0.7069704505830703)	(35, 0.707936968182984)	(40, 0.7087362038906051)	(45, 0.7093309839520906)	(50, 0.7096841346135974)	(55, 0.7100744590289472)	(60, 0.7105763047058254)	(65, 0.7110781503827038)	(70, 0.7113011929057609)	(75, 0.7116357566903463)	(80, 0.7117286910749534)	(85, 0.7119145598441676)	(90, 0.7123792317672031)	(95, 0.7125836874133388)	(100, 0.7127323824287101)	(105, 0.7129182511979242)	(110, 0.7131041199671385)	(115, 0.713178467474824)	(120, 0.7132528149825098)	(125, 0.7133643362440383)	(130, 0.7133643362440383)	(135, 0.7133643362440383)	(140, 0.7133643362440383)
PID-2861-22_R2 - polyg	(1, 0.5885573637240786)	(2, 0.5891535724328992)	(3, 0.590942198559361)	(4, 0.593923242103464)	(5, 0.5993884886009864)	(6, 0.6022701640269527)	(7, 0.6065429931068337)	(8, 0.6107164540685779)	(9, 0.6133000251401339)	(10, 0.6190435023684391)	(15, 0.6241907708879237)	(20, 0.6266153529704608)	(25, 0.6278475176353567)	(30, 0.6284238527205501)	(35, 0.6288411988167245)	(40, 0.6292386712892715)	(45, 0.6296162701381912)	(50, 0.6299342481162289)	(55, 0.6300733634816205)	(60, 0.6302720997178939)	(65, 0.6303714678360307)	(70, 0.6304907095777949)	(75, 0.6307490666849505)	(80, 0.631067044662988)	(85, 0.6311465391574975)	(90, 0.631285654522889)	(95, 0.631345275393771)	(100, 0.6314048962646531)	(105, 0.6316036325009267)	(110, 0.631683126995436)	(115, 0.6318023687372001)	(120, 0.6319812313498463)	(125, 0.6320408522207284)	(130, 0.6322395884570019)	(135, 0.6323787038223934)	(140, 0.6323787038223934)
PID-2861-23_R2 - polyg	(1, 0.6505117366926451)	(2, 0.6512255388909179)	(3, 0.6533669454857365)	(4, 0.6556273191136004)	(5, 0.659553231204101)	(6, 0.6651446817572383)	(7, 0.6684757586825115)	(8, 0.6715689015416938)	(9, 0.6740672092356487)	(10, 0.6807769498994134)	(15, 0.6850597630890504)	(20, 0.6869156488045598)	(25, 0.6884384268275417)	(30, 0.6892236092456419)	(35, 0.6895567169381692)	(40, 0.689984998257133)	(45, 0.6903181059496604)	(50, 0.6903656927628785)	(55, 0.6903656927628785)	(60, 0.690437072982706)	(65, 0.6908415608950602)	(70, 0.691246048807415)	(75, 0.6915315696867241)	(80, 0.6916743301263787)	(85, 0.6916981235329878)	(90, 0.6920788180387334)	(95, 0.692483305951088)	(100, 0.6929829674898789)	(105, 0.6931495213361425)	(110, 0.6934826290286699)	(115, 0.6936967696881517)	(120, 0.6938157367211972)	(125, 0.6940536707872881)	(130, 0.6940774641938972)	(135, 0.6941726378203336)	(140, 0.6944105718864245)
PID-2861-24_R2 - polyg	(1, 0.6057629507496458)	(2, 0.6061756660967755)	(3, 0.6073106333013822)	(4, 0.6090646735266836)	(5, 0.6129854693244159)	(6, 0.6164935497750186)	(7, 0.6200016302256212)	(8, 0.6222715646348346)	(9, 0.6236128895130062)	(10, 0.6291845466992574)	(15, 0.6352720980694209)	(20, 0.6372531317356435)	(25, 0.6382642843361113)	(30, 0.6389246288915188)	(35, 0.6390897150303707)	(40, 0.6391516223324402)	(45, 0.6393373442386485)	(50, 0.6395643376795699)	(55, 0.6398738741899171)	(60, 0.6400183245614126)	(65, 0.6402040464676209)	(70, 0.6404723114432553)	(75, 0.6407405764188896)	(80, 0.640967569859811)	(85, 0.6411532917660193)	(90, 0.6412771063701582)	(95, 0.6415866428805054)	(100, 0.6419580866929222)	(105, 0.642246987435913)	(110, 0.6425565239462603)	(115, 0.6427009743177557)	(120, 0.6429898750607466)	(125, 0.6430517823628159)	(130, 0.6431755969669549)	(135, 0.6433819546405197)	(140, 0.6434232261752327)
PID-2861-25_R2 - polyg	(1, 0.5596445684269639)	(2, 0.5604555006036377)	(3, 0.5623814645232378)	(4, 0.5641046953986695)	(5, 0.5684634558482908)	(6, 0.5742413476070912)	(7, 0.5787014745787967)	(8, 0.5827561354621654)	(9, 0.5854930315584393)	(10, 0.5913317432304902)	(15, 0.5972718214246253)	(20, 0.5996640713458129)	(25, 0.6004344569136529)	(30, 0.6011845691770762)	(35, 0.6015494886565793)	(40, 0.6017927683095815)	(45, 0.602096867875834)	(50, 0.6023198742244193)	(55, 0.6027861602260067)	(60, 0.6029888932701752)	(65, 0.6030294398790089)	(70, 0.6030902597922594)	(75, 0.6033335394452616)	(80, 0.6034551792717627)	(85, 0.6036781856203479)	(90, 0.6037390055335985)	(95, 0.6037795521424322)	(100, 0.604043105099851)	(105, 0.6040633784042679)	(110, 0.6041444716219353)	(115, 0.6041444716219353)	(120, 0.6041444716219353)	(125, 0.6041444716219353)	(130, 0.6041444716219353)	(135, 0.6042052915351859)	(140, 0.6042458381440196)
PID-2861-26_R2 - polyg	(1, 0.5123824349634392)	(2, 0.5127197505888266)	(3, 0.5134787107459482)	(4, 0.5149966310601914)	(5, 0.5200563654410022)	(6, 0.524610126383732)	(7, 0.5278146248249121)	(8, 0.5300071763899301)	(9, 0.5332116748311103)	(10, 0.5402615714017067)	(15, 0.545574292501558)	(20, 0.5477837098478454)	(25, 0.5492678985995498)	(30, 0.5500774561004796)	(35, 0.5508364162576012)	(40, 0.5512917923518742)	(45, 0.5515616448521841)	(50, 0.5518146315712247)	(55, 0.5520338867277264)	(60, 0.5521856787591507)	(65, 0.5524555312594606)	(70, 0.5527759811035786)	(75, 0.5528265784473868)	(80, 0.5529615046975418)	(85, 0.553062699385158)	(90, 0.553113296728966)	(95, 0.553113296728966)	(100, 0.5531638940727741)	(105, 0.5533156861041986)	(110, 0.5535349412607002)	(115, 0.5538385253235489)	(120, 0.554024048917512)	(125, 0.5541252436051282)	(130, 0.5541252436051282)	(135, 0.5541758409489363)	(140, 0.5542095725114751)
PID-2861-27_R2 - polyg	(1, 0.4785945541125828)	(2, 0.4790916230626738)	(3, 0.480251450612886)	(4, 0.4817426574631589)	(5, 0.4849736056387502)	(6, 0.487458950389205)	(7, 0.4882045538143414)	(8, 0.49052420891476595)	(9, 0.4930923984902359)	(10, 0.4975328811110485)	(15, 0.5013768809917519)	(20, 0.5030503464570583)	(25, 0.503978208497228)	(30, 0.5048895015723949)	(35, 0.5052871567324675)	(40, 0.5055191222425099)	(45, 0.5059167774025828)	(50, 0.5061321739476222)	(55, 0.5064801222126858)	(60, 0.5068612084077556)	(65, 0.5070931739177981)	(70, 0.5070931739177981)	(75, 0.5071925877078163)	(80, 0.5072588635678283)	(85, 0.5073748463228496)	(90, 0.507606811832892)	(95, 0.5077725014829223)	(100, 0.5079547600979557)	(105, 0.508070742852977)	(110, 0.5082695704330134)	(115, 0.5083524152580285)	(120, 0.5084849669780527)	(125, 0.5085843807680709)	(130, 0.5085843807680709)	(135, 0.5086672255930861)	(140, 0.5088329152431165)
PID-2861-28_R2 - polyg	(1, 0.44894034086249035)	(2, 0.4494529468694126)	(3, 0.4502731164804882)	(4, 0.45119580729294817)	(5, 0.45334875252202156)	(6, 0.45652690976493937)	(7, 0.4589874185981661)	(8, 0.46175549103554614)	(9, 0.46349835145908175)	(10, 0.4676402079950133)	(15, 0.4715770221281761)	(20, 0.4734634122336499)	(25, 0.4743450945655562)	(30, 0.4749602217738628)	(35, 0.4754523235405082)	(40, 0.47569837442383084)	(45, 0.47590341682659965)	(50, 0.4761084592293686)	(55, 0.4762929973918607)	(60, 0.47688762035989035)	(65, 0.4770721585223824)	(70, 0.4772361924445975)	(75, 0.47750274756819716)	(80, 0.47770778997096597)	(85, 0.4777487984515198)	(90, 0.4779333366140118)	(95, 0.47817938749733446)	(100, 0.47836392565982644)	(105, 0.47836392565982644)	(110, 0.478445942620934)	(115, 0.47873300198481045)	(120, 0.47887653166674865)	(125, 0.4789585486278563)	(130, 0.47920459951117894)	(135, 0.47938913767367086)	(140, 0.47949165887505535)
PID-2861-29_R2 - polyg	(1, 0.4974160645791278)	(2, 0.4978691878445153)	(3, 0.4992285576406778)	(4, 0.5003613658041466)	(5, 0.5046660368253277)	(6, 0.5095371119282434)	(7, 0.5119160090715278)	(8, 0.5147480294801996)	(9, 0.5179198923379121)	(10, 0.5236745578083334)	(15, 0.5279792288295146)	(20, 0.5297690657277953)	(25, 0.5307432807483784)	(30, 0.5313096848301128)	(35, 0.5319440574016553)	(40, 0.5321479628710797)	(45, 0.5323971806670428)	(50, 0.5326917107895446)	(55, 0.5328503039324303)	(60, 0.5331221778916627)	(65, 0.5332807710345484)	(70, 0.5333487395243565)	(75, 0.5338471751162828)	(80, 0.5341417052387846)	(85, 0.534345610708209)	(90, 0.5346174846674414)	(95, 0.5349799832797515)	(100, 0.5351385764226372)	(105, 0.5351612325859065)	(110, 0.535433106545139)	(115, 0.5357049805043715)	(120, 0.5357276366676409)	(125, 0.5358182613207184)	(130, 0.5359315421370653)	(135, 0.5359315421370653)	(140, 0.5359315421370653)
PID-2861-2_R2 - polyg	(1, 0.5548170110334358)	(2, 0.5556557366736979)	(3, 0.5571235065441568)	(4, 0.5596396834649434)	(5, 0.5646720373065165)	(6, 0.568551143392729)	(7, 0.571801205248745)	(8, 0.574107700759466)	(9, 0.576938399795351)	(10, 0.5825788297261141)	(15, 0.5871918207475562)	(20, 0.589037017156133)	(25, 0.5896241251043165)	(30, 0.5899386472194148)	(35, 0.5902951056165262)	(40, 0.5908193091416901)	(45, 0.5910709268337688)	(50, 0.5913015763848408)	(55, 0.5916370666409458)	(60, 0.5917419073459784)	(65, 0.5920983657430898)	(70, 0.5923919197171817)	(75, 0.5924548241402013)	(80, 0.5925806329862408)	(85, 0.5928112825373129)	(90, 0.5929370913833522)	(95, 0.5932725816394571)	(100, 0.5935451674725423)	(105, 0.5937548488826077)	(110, 0.594027434715693)	(115, 0.5941113072797192)	(120, 0.5942371161257585)	(125, 0.5942790524077717)	(130, 0.594404861253811)	(135, 0.5945306700998503)	(140, 0.5946564789458896)
PID-2861-30_R2 - polyg	(1, 0.39174155339406525)	(2, 0.3923841740525201)	(3, 0.3935408912377388)	(4, 0.3946976084229575)	(5, 0.39778218758354067)	(6, 0.40099529087581487)	(7, 0.4030516769828703)	(8, 0.40549363548499867)	(9, 0.40767854572374507)	(10, 0.41197125172222326)	(15, 0.41636677702605435)	(20, 0.41821752452240435)	(25, 0.4195798803183286)	(30, 0.42078800715622366)	(35, 0.4213792181620021)	(40, 0.42163626642538404)	(45, 0.4220475436467951)	(50, 0.4222017726048243)	(55, 0.422561640173559)	(60, 0.42276727878426457)	(65, 0.4228443932632791)	(70, 0.4228443932632791)	(75, 0.4228700980896173)	(80, 0.42297291739497006)	(85, 0.42297291739497006)	(90, 0.42317855600567567)	(95, 0.423229965658352)	(100, 0.42325567048469026)	(105, 0.42358983322708665)	(110, 0.42374406218511596)	(115, 0.4239754056221596)	(120, 0.4242067490592033)	(125, 0.4244637973225854)	(130, 0.4245923214542763)	(135, 0.424695140759629)	(140, 0.42490077937033455)
PID-2861-31_R2 - polyg	(1, 0.6553993277470056)	(2, 0.6567248970316716)	(3, 0.6597547696823368)	(4, 0.6633527434550016)	(5, 0.6677081853903328)	(6, 0.6735785636509966)	(7, 0.6785021067083274)	(8, 0.6830469156843252)	(9, 0.6855086872129906)	(10, 0.6930833688396534)	(15, 0.7007337972825829)	(20, 0.7029304549543153)	(25, 0.7039909103820479)	(30, 0.7046347583203143)	(35, 0.7050892392179141)	(40, 0.705316479666714)	(45, 0.7058845807887139)	(50, 0.7065663021351134)	(55, 0.7068314159920466)	(60, 0.7070965298489797)	(65, 0.7072858968896464)	(70, 0.707588884154713)	(75, 0.7078539980116461)	(80, 0.7079676182360461)	(85, 0.7082327320929792)	(90, 0.7082327320929792)	(95, 0.7082327320929792)	(100, 0.7082706055011125)	(105, 0.708573592766179)	(110, 0.7088008332149789)	(115, 0.7089902002556455)	(120, 0.7089902002556455)	(125, 0.7092931875207121)	(130, 0.7094825545613785)	(135, 0.7097476684183118)	(140, 0.7097476684183118)
PID-2861-32_R2 - polyg	(1, 0.4079021558112975)	(2, 0.4085562644639776)	(3, 0.4096028383082657)	(4, 0.41208845118845)	(5, 0.41640556829613856)	(6, 0.41967611155953893)	(7, 0.4219000809786512)	(8, 0.4238624069366914)	(9, 0.4268713067390198)	(10, 0.4312407525389227)	(15, 0.43550554095439686)	(20, 0.4378864964501523)	(25, 0.43856676944893963)	(30, 0.4393516998321557)	(35, 0.44000580848483584)	(40, 0.4403721093303366)	(45, 0.44047676671476543)	(50, 0.4405814240991942)	(55, 0.44071224582973023)	(60, 0.4409215605985879)	(65, 0.4412355327518743)	(70, 0.44131402579019596)	(75, 0.44165416228958965)	(80, 0.44181114836623286)	(85, 0.4419158057506617)	(90, 0.4419158057506617)	(95, 0.4420727918273049)	(100, 0.44220361355784094)	(105, 0.44230827094226965)	(110, 0.44230827094226965)	(115, 0.4423867639805913)	(120, 0.4424390926728057)	(125, 0.4427269004799849)	(130, 0.44283155786441375)	(135, 0.44283155786441375)	(140, 0.44283155786441375)
PID-2861-33_R2 - polyg	(1, 0.48624537851701655)	(2, 0.48665139503214433)	(3, 0.4877070379714765)	(4, 0.4894935106380387)	(5, 0.4947717253346997)	(6, 0.5002935499404374)	(7, 0.502729649031204)	(8, 0.5057341712431495)	(9, 0.5088198967581206)	(10, 0.514146833436597)	(15, 0.520025952575647)	(20, 0.5229167901633567)	(25, 0.5242972463147911)	(30, 0.5250767980238364)	(35, 0.5255315365207796)	(40, 0.5256939431268306)	(45, 0.5259537936965124)	(50, 0.5260674783207482)	(55, 0.526311088229825)	(60, 0.5266521421025322)	(65, 0.5268795113510037)	(70, 0.527074399278265)	(75, 0.5273667311691571)	(80, 0.5277240257024695)	(85, 0.5281950048600177)	(90, 0.5285035774115148)	(95, 0.5289095939266426)	(100, 0.529266888459955)	(105, 0.5293156104417703)	(110, 0.5294942577084265)	(115, 0.5295917016720572)	(120, 0.5297865895993186)	(125, 0.529851552241739)	(130, 0.5298840335629492)	(135, 0.5301276434720259)	(140, 0.5302575687568668)
PID-2861-34_R2 - polyg	(1, 0.411509992513863)	(2, 0.4119650768296096)	(3, 0.4131027876189761)	(4, 0.4142404984083426)	(5, 0.41776740185537875)	(6, 0.42072544990773164)	(7, 0.4239110401179578)	(8, 0.4267553170913741)	(9, 0.42846188327542384)	(10, 0.4332175143749758)	(15, 0.43754081537456846)	(20, 0.4396114490112155)	(25, 0.44052161764270875)	(30, 0.441158735684754)	(35, 0.4419096248057358)	(40, 0.4422281838267585)	(45, 0.4424329717688445)	(50, 0.44277428500565447)	(55, 0.44279703922144176)	(60, 0.44279703922144176)	(65, 0.44279703922144176)	(70, 0.44297907294774036)	(75, 0.44302458137931505)	(80, 0.44309284402667704)	(85, 0.443365894616125)	(90, 0.4434796656950616)	(95, 0.4435706825582109)	(100, 0.44379822471608427)	(105, 0.44409402952131954)	(110, 0.44423055481604357)	(115, 0.44427606324761826)	(120, 0.44427606324761826)	(125, 0.44427606324761826)	(130, 0.4445036054054915)	(135, 0.4445036054054915)	(140, 0.4445036054054915)
PID-2861-35_R2 - polyg	(1, 0.45025045471354497)	(2, 0.4510619256669422)	(3, 0.4525689431518227)	(4, 0.45442373390244495)	(5, 0.45882886193517275)	(6, 0.46277029228024497)	(7, 0.4655524784061783)	(8, 0.4681028156882839)	(9, 0.47181239718952833)	(10, 0.4765884833723805)	(15, 0.48124864513331883)	(20, 0.4835439486872139)	(25, 0.4851205208252428)	(30, 0.4857233278191949)	(35, 0.4860479162005539)	(40, 0.4866043534257406)	(45, 0.48699849646024773)	(50, 0.4870680511133961)	(55, 0.4872767150728411)	(60, 0.48746219414790326)	(65, 0.48755493368543446)	(70, 0.4879258918355589)	(75, 0.48825048021691775)	(80, 0.48871417790457333)	(85, 0.4889692116327839)	(90, 0.4891546907078461)	(95, 0.4893865395516738)	(100, 0.4895256488579706)	(105, 0.48966475816426724)	(110, 0.48973431281741553)	(115, 0.4898734221237122)	(120, 0.48989660700809506)	(125, 0.49005890119877443)	(130, 0.49024438027383666)	(135, 0.49024438027383666)	(140, 0.49024438027383666)
PID-2861-36_R2 - polyg	(1, 0.5198145364628277)	(2, 0.5205632790432567)	(3, 0.5210312431560249)	(4, 0.522247949849222)	(5, 0.5263660340415814)	(6, 0.5297353756535119)	(7, 0.5318880105722452)	(8, 0.5350701665390685)	(9, 0.5369420229901409)	(10, 0.5422768138756975)	(15, 0.5479485389224472)	(20, 0.5501760480992233)	(25, 0.5514676290504633)	(30, 0.5522163716308924)	(35, 0.552852802824257)	(40, 0.5531710184209394)	(45, 0.5536577010982182)	(50, 0.5541256652109864)	(55, 0.5542941322915829)	(60, 0.5545936293237544)	(65, 0.5549305634849475)	(70, 0.5553798090332049)	(75, 0.5556231503718443)	(80, 0.556109833049123)	(85, 0.5564842043393377)	(90, 0.5566339528554235)	(95, 0.5568772941940627)	(100, 0.5570083241456378)	(105, 0.5572329469197665)	(110, 0.5574950068229167)	(115, 0.5576447553390025)	(120, 0.5577757852905776)	(125, 0.5578506595486206)	(130, 0.5579068152421527)	(135, 0.5580004080647063)	(140, 0.5580004080647063)
PID-2861-37_R2 - polyg	(1, 0.2670685797971267)	(2, 0.26729319592815876)	(3, 0.26729319592815876)	(4, 0.26796704432125495)	(5, 0.2684162765833191)	(6, 0.2704378217626077)	(7, 0.2717855185488001)	(8, 0.2731332153349925)	(9, 0.27403167985912075)	(10, 0.27560399277634523)	(15, 0.2772661521459825)	(20, 0.27767046118184024)	(25, 0.27829938634873)	(30, 0.2787036953845877)	(35, 0.2789732347418262)	(40, 0.27906308119423906)	(45, 0.2791978508728583)	(50, 0.2792876973252711)	(55, 0.27942246700389034)	(60, 0.2795572366825096)	(65, 0.2796470831349224)	(70, 0.2796470831349224)	(75, 0.2796470831349224)	(80, 0.27987169926595445)	(85, 0.2802760083018122)	(90, 0.2805904708852571)	(95, 0.28077016379008274)	(100, 0.28077016379008274)	(105, 0.2809947799211148)	(110, 0.2809947799211148)	(115, 0.28117447282594055)	(120, 0.2812193960521469)	(125, 0.2812193960521469)	(130, 0.2812193960521469)	(135, 0.2812193960521469)	(140, 0.2812193960521469)
PID-2861-38_R2 - polyg	(1, 0.4083574406300529)	(2, 0.40872409153073086)	(3, 0.41028235785861206)	(4, 0.41156563601098484)	(5, 0.41541547046810323)	(6, 0.4211902221537807)	(7, 0.42522338206123805)	(8, 0.4273316247401362)	(9, 0.43099813374691553)	(10, 0.43594792090606777)	(15, 0.4399994133585589)	(20, 0.44234597912289775)	(25, 0.44331760400969433)	(30, 0.44395924308588064)	(35, 0.4445642170719992)	(40, 0.44478420761240595)	(45, 0.44494920051771103)	(50, 0.4450958608779823)	(55, 0.44524252123825336)	(60, 0.44531585141838903)	(65, 0.4455908395938975)	(70, 0.4458841603144398)	(75, 0.44615914848994825)	(80, 0.4463058088502194)	(85, 0.4463058088502194)	(90, 0.4464891343005585)	(95, 0.4465807970257279)	(100, 0.4466907922959312)	(105, 0.44681912011116853)	(110, 0.44694744792640584)	(115, 0.44694744792640584)	(120, 0.4469657804714397)	(125, 0.447094108286677)	(130, 0.44727743373701595)	(135, 0.4473690964621855)	(140, 0.44740576155225326)
PID-2861-39_R2 - polyg	(1, 0.6071356589036215)	(2, 0.6076132671941372)	(3, 0.6089505704075814)	(4, 0.6108610035696443)	(5, 0.6152549998423893)	(6, 0.6200310827475468)	(7, 0.6228012108325381)	(8, 0.6261444688661484)	(9, 0.6297742918740681)	(10, 0.6380082588025596)	(15, 0.644752087864642)	(20, 0.6464332690472575)	(25, 0.647846989587184)	(30, 0.6486111628520093)	(35, 0.6491078754741457)	(40, 0.6492607101271106)	(45, 0.6494899621065582)	(50, 0.6498911530705914)	(55, 0.6502159267081422)	(60, 0.6505407003456929)	(65, 0.6508845783148642)	(70, 0.6512857692788974)	(75, 0.651457708263483)	(80, 0.6516487515796894)	(85, 0.6516487515796894)	(90, 0.6519353165539988)	(95, 0.6525657594974797)	(100, 0.6527950114769272)	(105, 0.6528905331350304)	(110, 0.6530815764512367)	(115, 0.6530815764512367)	(120, 0.6531197851144779)	(125, 0.6531770981093398)	(130, 0.6533299327623048)	(135, 0.6534827674152699)	(140, 0.6536547063998556)
PID-2861-3_R2 - polyg	(1, 0.34012872249784726)	(2, 0.3403556262486797)	(3, 0.3406959818749284)	(4, 0.34137669312742575)	(5, 0.34443989376366385)	(6, 0.3463685756457397)	(7, 0.34750309439990196)	(8, 0.3490914206557291)	(9, 0.349999035659059)	(10, 0.3529714747949641)	(15, 0.3554901064292043)	(20, 0.3562388888069514)	(25, 0.3564884829328671)	(30, 0.35696498080961525)	(35, 0.35714650381028124)	(40, 0.3572826460607807)	(45, 0.3574868594365299)	(50, 0.35755493056177967)	(55, 0.3577364535624456)	(60, 0.3579179765631116)	(65, 0.35834909368969325)	(70, 0.35868944931594193)	(75, 0.35905249531727385)	(80, 0.3591886375677733)	(85, 0.3591886375677733)	(90, 0.3591886375677733)	(95, 0.3592340183179398)	(100, 0.35930208944318953)	(105, 0.3593928509435225)	(110, 0.35941554131860576)	(115, 0.35941554131860576)	(120, 0.3595516835691052)	(125, 0.35975589694485444)	(130, 0.35975589694485444)	(135, 0.35977858731993767)	(140, 0.35986934882027066)
PID-2861-40_R2 - polyg	(1, 0.6036482303960664)	(2, 0.6045889808849954)	(3, 0.6058433148702339)	(4, 0.6074112323517822)	(5, 0.6109651786432915)	(6, 0.6152508197595232)	(7, 0.6189092938831358)	(8, 0.622463240174645)	(9, 0.6254945473056384)	(10, 0.630846372309323)	(15, 0.6350065800270308)	(20, 0.6368671754384682)	(25, 0.637870642626659)	(30, 0.6382469428222306)	(35, 0.6385814318849607)	(40, 0.6389159209476911)	(45, 0.6392295044440008)	(50, 0.6395430879403105)	(55, 0.6398148603037788)	(60, 0.6400866326672472)	(65, 0.6404838384292393)	(70, 0.6409437608904935)	(75, 0.6412991555196444)	(80, 0.6414454944845889)	(85, 0.6414873056174302)	(90, 0.6415500223166921)	(95, 0.6416127390159541)	(100, 0.6417799835473192)	(105, 0.6419263225122638)	(110, 0.6421144726100495)	(115, 0.6423026227078353)	(120, 0.642323528274256)	(125, 0.642323528274256)	(130, 0.642323528274256)	(135, 0.642323528274256)	(140, 0.6424280561063591)
PID-2861-4_R2 - polyg	(1, 0.5103925615984407)	(2, 0.51083104318057)	(3, 0.5114887655537639)	(4, 0.5121464879269577)	(5, 0.5152158590018624)	(6, 0.5187237116588964)	(7, 0.520696878778478)	(8, 0.5240951110399796)	(9, 0.5258490373684966)	(10, 0.5312423608286864)	(15, 0.5362848990231727)	(20, 0.5380388253516897)	(25, 0.5391131052279063)	(30, 0.5395735108891421)	(35, 0.5401654610250164)	(40, 0.5404066258951875)	(45, 0.5408231833982103)	(50, 0.5411081964265942)	(55, 0.5417001465624688)	(60, 0.54194131143264)	(65, 0.5420509318281722)	(70, 0.542182476302811)	(75, 0.5426867301222595)	(80, 0.5428401986760049)	(85, 0.5432567561790276)	(90, 0.543607541444731)	(95, 0.5438048581566891)	(100, 0.5440240989477538)	(105, 0.544265263817925)	(110, 0.5446379731627348)	(115, 0.5451422269821835)	(120, 0.5453395436941415)	(125, 0.5456245567225256)	(130, 0.5459095697509095)	(135, 0.5460191901464418)	(140, 0.5460191901464418)
PID-2861-5_R2 - polyg	(1, 0.5448354407927595)	(2, 0.5454189013204879)	(3, 0.547169282903673)	(4, 0.5492697408034951)	(5, 0.5541708092364135)	(6, 0.5589551855637862)	(7, 0.5631561013634305)	(8, 0.5658400197909811)	(9, 0.5693407829573514)	(10, 0.5756188182357087)	(15, 0.5811266856174646)	(20, 0.5841140035194339)	(25, 0.5849541866793627)	(30, 0.5856543393126368)	(35, 0.5864711840514565)	(40, 0.587077983000294)	(45, 0.5875447514224768)	(50, 0.5880348582657685)	(55, 0.5883849345824056)	(60, 0.5886883340568245)	(65, 0.588781687741261)	(70, 0.5891551024790072)	(75, 0.5893651482689893)	(80, 0.5898319166911721)	(85, 0.5900653009022634)	(90, 0.5902520082711364)	(95, 0.5905787461666643)	(100, 0.5907887919566466)	(105, 0.591045514588847)	(110, 0.5910921914310653)	(115, 0.5913489140632657)	(120, 0.5913955909054841)	(125, 0.5914889445899207)	(130, 0.5916289751165754)	(135, 0.5916289751165754)	(140, 0.5916289751165754)
PID-2861-6_R2 - polyg	(1, 0.48440081939979623)	(2, 0.48539096415896005)	(3, 0.4864911250024754)	(4, 0.4875912858459907)	(5, 0.490341687954779)	(6, 0.49331212223227033)	(7, 0.49749273343762856)	(8, 0.5009032320525261)	(9, 0.5031035537395567)	(10, 0.5098365381018705)	(15, 0.5154913648375393)	(20, 0.5170755964522014)	(25, 0.517845709042662)	(30, 0.5181977605125869)	(35, 0.5185718151993821)	(40, 0.5194739470910646)	(45, 0.5198039953441194)	(50, 0.5201340435971739)	(55, 0.5204860950670989)	(60, 0.5207281304526722)	(65, 0.5210801819225971)	(70, 0.5216082591274843)	(75, 0.5218282912961876)	(80, 0.5220263202480203)	(85, 0.5221363363323718)	(90, 0.5223343652842045)	(95, 0.5225103910191671)	(100, 0.522576400669778)	(105, 0.5227304231878701)	(110, 0.523016465007184)	(115, 0.5232364971758872)	(120, 0.5234785325614605)	(125, 0.5236765615132932)	(130, 0.5238305840313854)	(135, 0.5239846065494775)	(140, 0.5241166258506994)
PID-2861-7_R2 - polyg	(1, 0.5131525681380689)	(2, 0.5137721928933171)	(3, 0.5150114424038136)	(4, 0.5167670458770168)	(5, 0.519865169653258)	(6, 0.5238927305623714)	(7, 0.5278170206789435)	(8, 0.53132822762535)	(9, 0.5340132682314257)	(10, 0.5402301699424161)	(15, 0.5452284763014185)	(20, 0.5473971629447874)	(25, 0.5489049165158912)	(30, 0.5499582785998133)	(35, 0.5504952867210284)	(40, 0.5512801447443427)	(45, 0.5516312654389834)	(50, 0.5523541609867729)	(55, 0.5529324774250047)	(60, 0.5531183648515792)	(65, 0.5532835981196454)	(70, 0.5536553729727943)	(75, 0.5538619145578771)	(80, 0.5542130352525177)	(85, 0.5546467725811915)	(90, 0.5548739683247825)	(95, 0.5550805099098652)	(100, 0.5551837807024066)	(105, 0.5551837807024066)	(110, 0.555287051494948)	(115, 0.5553490139704728)	(120, 0.5553903222874894)	(125, 0.5553903222874894)	(130, 0.5553903222874894)	(135, 0.5555349013970473)	(140, 0.5558034054576548)
PID-2861-8_R2 - polyg	(1, 0.7338953022327287)	(2, 0.7345079878892469)	(3, 0.7363460448588015)	(4, 0.7399200445218244)	(5, 0.7450257583261428)	(6, 0.7515610719956703)	(7, 0.7564625572478161)	(8, 0.7627936423651709)	(9, 0.7671845562368848)	(10, 0.7770692181620452)	(15, 0.7853608973802582)	(20, 0.7874236057572028)	(25, 0.7887715142015429)	(30, 0.7895475826997993)	(35, 0.7898743483832759)	(40, 0.7903032283428384)	(45, 0.7904461883293593)	(50, 0.7905891483158803)	(55, 0.7909159139993566)	(60, 0.7913039482484849)	(65, 0.7915898682215268)	(70, 0.7921821310228276)	(75, 0.7924476281406523)	(80, 0.7928356623897803)	(85, 0.7932236966389086)	(90, 0.793325810914995)	(95, 0.7935708851776022)	(100, 0.793632153743254)	(105, 0.7937138451641232)	(110, 0.7937342680193404)	(115, 0.7938772280058612)	(120, 0.7939384965715132)	(125, 0.7939384965715132)	(130, 0.7940406108475996)	(135, 0.7941427251236859)	(140, 0.7941427251236859)
PID-2861-9_R2 - polyg	(1, 0.416537795298964)	(2, 0.4170165743740203)	(3, 0.4192189581192792)	(4, 0.42036802789941424)	(5, 0.4251558186499771)	(6, 0.42936907451047235)	(7, 0.4331035512959113)	(8, 0.4370295397113728)	(9, 0.43932767927164296)	(10, 0.44645191190848044)	(15, 0.45298245849224805)	(20, 0.45551041200854525)	(25, 0.4566594817886804)	(30, 0.45742552830877037)	(35, 0.45792345854682887)	(40, 0.45822987715486496)	(45, 0.4585362957629009)	(50, 0.4588235632079347)	(55, 0.4592448887939843)	(60, 0.4595513074020202)	(65, 0.46014499345509013)	(70, 0.46045141206312606)	(75, 0.4605280167151351)	(80, 0.4608727376491756)	(85, 0.46096849346418683)	(90, 0.46131321439822737)	(95, 0.46148557486524755)	(100, 0.4617728423102814)	(105, 0.4619260516142994)	(110, 0.46215586557032645)	(115, 0.4622516213853377)	(120, 0.4624048306893557)	(125, 0.46250058650436693)	(130, 0.46251973766736915)	(135, 0.46269209813438944)	(140, 0.46269209813438944)
