Sample	fastqc-percent_duplicates	fastqc-percent_gc	fastqc-avg_sequence_length	fastqc-median_sequence_length	fastqc-percent_fails	fastqc-total_sequences
PID-2861-10_R1	22.717586038713492	39.0	149.69780263703234	151	9.090909090909092	0.8131109999999999
PID-2861-10_R2	21.709825690148534	39.0	149.69765874523895	151	9.090909090909092	0.8131109999999999
PID-2861-11_R1	25.810606294322042	38.0	149.92909091331694	151	9.090909090909092	0.860468
PID-2861-11_R2	24.859852458151877	38.0	149.9281983757676	151	9.090909090909092	0.860468
PID-2861-12_R1	23.21158909461903	38.0	149.86137185370603	151	9.090909090909092	0.747864
PID-2861-12_R2	23.124733049159758	38.0	149.86260202389738	151	9.090909090909092	0.747864
PID-2861-13_R1	26.7509668287384	38.0	149.9364061466454	151	9.090909090909092	0.916142
PID-2861-13_R2	25.54817757974051	39.0	149.93458874279315	151	9.090909090909092	0.916142
PID-2861-14_R1	27.209716180161337	38.0	149.81254646246808	151	9.090909090909092	0.924133
PID-2861-14_R2	26.124494591356438	38.0	149.81194373537141	151	9.090909090909092	0.924133
PID-2861-15_R1	25.067382474061574	39.0	149.89201322173776	151	9.090909090909092	0.504321
PID-2861-15_R2	23.921776084848375	39.0	149.89119429886918	151	9.090909090909092	0.504321
PID-2861-16_R1	22.68021052543837	38.0	149.95931284897816	151	9.090909090909092	0.7292719999999999
PID-2861-16_R2	23.044985372660094	38.0	149.9605716385656	151	9.090909090909092	0.7292719999999999
PID-2861-17_R1	23.18151361175636	38.0	149.70475190493568	151	9.090909090909092	0.915254
PID-2861-17_R2	23.808428741748187	38.0	149.70197344125236	151	9.090909090909092	0.915254
PID-2861-18_R1	26.132056641415502	38.0	149.6944602021459	151	9.090909090909092	0.9836459999999999
PID-2861-18_R2	25.25773423219229	38.0	149.69643448964362	151	9.090909090909092	0.9836459999999999
PID-2861-19_R1	32.0908506362442	38.0	149.67907607627987	151	9.090909090909092	1.1198759999999999
PID-2861-19_R2	30.972304247975558	38.0	149.68136293661084	151	9.090909090909092	1.1198759999999999
PID-2861-1_R1	24.563543546788495	38.0	149.69296036220845	151	9.090909090909092	0.988602
PID-2861-1_R2	23.587049288256125	38.0	149.6948155071505	151	9.090909090909092	0.988602
PID-2861-20_R1	28.67406787287301	38.0	149.77750396752026	151	9.090909090909092	1.038432
PID-2861-20_R2	27.80897046539495	39.0	149.77807405781024	151	9.090909090909092	1.038432
PID-2861-21_R1	26.91753074074299	38.0	149.6826355819737	151	9.090909090909092	1.076028
PID-2861-21_R2	25.48822746748006	38.0	149.68252684874372	151	9.090909090909092	1.076028
PID-2861-22_R1	26.03169754149026	38.0	149.8082642476492	151	9.090909090909092	1.006359
PID-2861-22_R2	25.033733112018766	38.0	149.81195378587563	151	9.090909090909092	1.006359
PID-2861-23_R1	27.029178203177963	38.0	149.83257650472478	151	9.090909090909092	0.840569
PID-2861-23_R2	25.98823593079686	38.0	149.8340814376928	151	9.090909090909092	0.840569
PID-2861-24_R1	27.34233083639448	38.0	149.83849416678447	151	9.090909090909092	0.9691909999999999
PID-2861-24_R2	26.622770398071665	39.0	149.83995930626676	151	9.090909090909092	0.9691909999999999
PID-2861-25_R1	27.44660297839137	38.0	149.73684744034327	151	9.090909090909092	0.9865189999999999
PID-2861-25_R2	26.42052018795114	38.0	149.7364318376027	151	9.090909090909092	0.9865189999999999
PID-2861-26_R1	29.16171859608349	38.0	149.72719851783515	151	9.090909090909092	1.185833
PID-2861-26_R2	28.333235028787513	38.0	149.72768678220288	151	9.090909090909092	1.185833
PID-2861-27_R1	29.413512459781714	38.0	149.7315040643671	151	9.090909090909092	1.207076
PID-2861-27_R2	29.246087613387687	38.0	149.73533149528282	151	9.090909090909092	1.207076
PID-2861-28_R1	27.365607275210053	38.0	149.7613460213572	151	9.090909090909092	0.9754079999999999
PID-2861-28_R2	26.551840950392247	38.0	149.76145161819466	151	9.090909090909092	0.9754079999999999
PID-2861-29_R1	26.56320877697864	38.0	149.7514698185921	151	9.090909090909092	0.8827619999999999
PID-2861-29_R2	25.144643701203023	38.0	149.7498453716857	151	9.090909090909092	0.8827619999999999
PID-2861-2_R1	25.90271600306599	38.0	149.69857039214617	151	9.090909090909092	0.953828
PID-2861-2_R2	25.268614493757596	38.0	149.69721375342306	151	9.090909090909092	0.953828
PID-2861-30_R1	24.985784497278956	38.0	149.88581787616442	151	9.090909090909092	0.778064
PID-2861-30_R2	24.89922733355617	38.0	149.88957335129243	151	9.090909090909092	0.778064
PID-2861-31_R1	18.72968300493858	38.0	149.9381224257918	151	9.090909090909092	0.528075
PID-2861-31_R2	17.95387272686115	38.0	149.94740898546607	151	9.090909090909092	0.528075
PID-2861-32_R1	25.029347929250193	38.0	149.83389564873843	151	9.090909090909092	0.7643989999999999
PID-2861-32_R2	24.037861213956432	38.0	149.8325481849139	151	9.090909090909092	0.7643989999999999
PID-2861-33_R1	30.714691624348063	38.0	149.6878041571219	151	9.090909090909092	1.231477
PID-2861-33_R2	29.502752197366036	38.0	149.6879470749352	151	9.090909090909092	1.231477
PID-2861-34_R1	25.962822101414588	38.0	149.78916740049013	151	9.090909090909092	0.8789579999999999
PID-2861-34_R2	25.0696610006446	38.0	149.7958673793287	151	9.090909090909092	0.8789579999999999
PID-2861-35_R1	25.940233808089232	38.0	149.8996894384737	151	9.090909090909092	0.8626309999999999
PID-2861-35_R2	24.901008851984983	38.0	149.89987607679296	151	9.090909090909092	0.8626309999999999
PID-2861-36_R1	37.174095467191094	38.0	149.80927467434378	151	9.090909090909092	1.068458
PID-2861-36_R2	36.050243877779074	38.0	149.80929152105185	151	9.090909090909092	1.068458
PID-2861-37_R1	14.079079869242378	38.0	150.27506491406186	151	9.090909090909092	0.445204
PID-2861-37_R2	18.700087412822768	38.0	150.28114976505154	151	9.090909090909092	0.445204
PID-2861-38_R1	32.44592723801789	38.0	149.8141244926468	151	9.090909090909092	1.090956
PID-2861-38_R2	31.257991036901714	38.0	149.81419415631794	151	9.090909090909092	1.090956
PID-2861-39_R1	24.900442640780938	38.0	149.82686508425488	151	9.090909090909092	1.046883
PID-2861-39_R2	23.891831300743874	38.0	149.82866853315986	151	9.090909090909092	1.046883
PID-2861-3_R1	22.7928711843619	38.0	149.64732803815613	151	9.090909090909092	0.881431
PID-2861-3_R2	24.66935502003777	38.0	149.64770356386376	151	9.090909090909092	0.881431
PID-2861-40_R1	25.815567816115106	38.0	149.885568155805	151	9.090909090909092	0.956683
PID-2861-40_R2	24.923529560758766	38.0	149.8871475713481	151	9.090909090909092	0.956683
PID-2861-4_R1	24.41347988297639	38.0	149.7575196850825	151	9.090909090909092	0.9122389999999999
PID-2861-4_R2	23.513369082567152	39.0	149.7591738568511	151	9.090909090909092	0.9122389999999999
PID-2861-5_R1	23.306843444987038	38.0	149.89368999108473	151	9.090909090909092	0.8569559999999999
PID-2861-5_R2	22.63839696280951	38.0	149.89626071816988	151	9.090909090909092	0.8569559999999999
PID-2861-6_R1	26.232097267223182	38.0	149.8654888344676	151	9.090909090909092	0.9089579999999999
PID-2861-6_R2	25.360343439411594	38.0	149.86470441978616	151	9.090909090909092	0.9089579999999999
PID-2861-7_R1	26.42228131655068	38.0	149.76507650300312	151	9.090909090909092	0.968328
PID-2861-7_R2	25.693231681079993	39.0	149.76582521624903	151	9.090909090909092	0.968328
PID-2861-8_R1	25.913824406451752	38.0	149.79520267130945	151	9.090909090909092	0.9792949999999999
PID-2861-8_R2	24.294376482115382	39.0	149.7970468551356	151	9.090909090909092	0.9792949999999999
PID-2861-9_R1	27.197865534957216	38.0	149.70510751941688	151	9.090909090909092	1.044323
PID-2861-9_R2	26.230539242070833	38.0	149.7052262566275	151	9.090909090909092	1.044323
